100,112038,1,0
100,112036,2,0
100,112034,3,0
100,112035,4,0
100,112037,5,0
100,110969,6,0
100,110936,7,0
100,110923,8,0
100,110924,9,0
100,112045,10,0
100,112044,11,0
100,112046,12,0
100,110800,13,0
100,112000,14,0
100,112026,15,0
100,110802,16,0
100,110803,17,0
100,110804,18,0
100,110994,19,0
100,110805,20,0
100,112051,21,0
100,110806,22,0
100,110807,23,0
100,110808,24,0
100,110809,25,0
100,110810,26,0
100,112027,27,0
100,112025,28,0
100,112028,29,0
100,111006,30,0
100,110852,31,0
100,110853,32,0
100,110854,33,0
100,112090,34,0
100,110856,35,1
101,112076,1,0
101,112022,2,0
101,110880,3,0
101,111009,4,0
101,110881,5,0
101,111008,6,0
101,112030,7,0
101,112032,8,0
101,112083,9,0
101,112029,10,0
101,110755,11,0
101,110756,12,0
101,110757,13,0
101,110758,14,0
101,110759,15,0
101,112053,16,0
101,112052,17,0
101,110760,18,0
101,110761,19,0
101,110762,20,0
101,110993,21,0
101,110763,22,0
101,112031,23,0
101,112000,24,0
101,110765,25,0
101,110766,26,0
101,110767,27,0
101,110972,28,0
101,110974,29,0
101,110925,30,0
101,110926,31,0
101,110975,32,0
101,112020,33,0
101,110891,34,0
101,112038,35,1
200,112038,1,0
200,110930,2,0
200,112042,3,0
200,110979,4,0
200,110923,5,0
200,110924,6,0
200,110768,7,0
200,110769,8,0
200,110770,9,0
200,110990,10,0
200,110771,11,0
200,112023,12,0
200,110772,13,0
200,110773,14,0
200,110774,15,0
200,110775,16,0
200,110776,17,0
200,110777,18,0
200,110778,19,0
200,110779,20,0
200,110780,21,0
200,112019,22,0
200,111000,23,0
200,112104,24,0
200,111003,25,0
200,110750,26,0
200,112028,27,0
200,111006,28,0
200,110852,29,0
200,110853,30,0
200,110854,31,0
200,112090,32,0
200,110856,33,1
201,112076,1,0
201,112022,2,0
201,110880,3,0
201,111009,4,0
201,110881,5,0
201,111008,6,0
201,112030,7,0
201,112021,8,0
201,112100,9,0
201,111001,10,0
201,110782,11,0
201,110783,12,0
201,110784,13,0
201,110785,14,0
201,110786,15,0
201,110964,16,0
201,110787,17,0
201,110788,18,0
201,110789,19,0
201,110790,20,0
201,110791,21,0
201,110792,22,0
201,110793,23,0
201,110795,24,0
201,110796,25,0
201,110797,26,0
201,110798,27,0
201,110829,28,0
201,110943,29,0
201,110830,30,0
201,112065,31,0
201,112066,32,0
201,112067,33,0
201,110926,34,0
201,110975,35,0
201,112020,36,0
201,110891,37,0
201,112038,38,1
300,110835,1,0
300,110836,2,0
300,110837,3,0
300,110838,4,0
300,110962,5,0
300,110959,6,0
300,110963,7,0
300,110839,8,0
300,110840,9,0
300,110841,10,0
300,110842,11,0
300,110843,12,0
300,110844,13,0
300,110845,14,0
300,110846,15,0
300,110847,16,0
300,110848,17,0
300,110849,18,0
300,111003,19,0
300,110750,20,0
300,112028,21,0
300,112001,22,0
300,112030,23,0
300,112021,24,0
300,112100,25,0
300,111001,26,1
301,111001,1,0
301,110814,2,0
301,110815,3,0
301,110816,4,0
301,110817,5,0
301,110818,6,0
301,110819,7,0
301,110820,8,0
301,110821,9,0
301,110822,10,0
301,110823,11,0
301,110824,12,0
301,110825,13,0
301,110988,14,0
301,110961,15,0
301,110925,16,0
301,110926,17,0
301,110975,18,0
301,112020,19,0
301,110891,20,0
301,112038,21,1
400,110856,1,0
400,110857,2,0
400,110858,3,0
400,110859,4,0
400,110860,5,0
400,110861,6,0
400,110862,7,0
400,110863,8,0
400,110864,9,0
400,110865,10,0
400,110866,11,0
400,110867,12,0
400,110868,13,0
400,112015,14,0
400,110869,15,0
400,110870,16,0
400,110871,17,0
400,110872,18,0
400,110873,19,0
400,110874,20,0
400,110875,21,0
400,110876,22,0
400,110877,23,0
400,112076,24,1
600,134021,1,0
600,112064,2,0
600,112005,3,0
600,112061,4,0
600,112059,5,0
600,112057,6,0
600,112054,7,0
600,112013,8,0
600,112078,9,0
600,110898,10,0
600,110899,11,0
600,110900,12,0
600,110901,13,0
600,110902,14,0
600,110835,15,1
601,110891,1,0
601,110892,2,0
601,110893,3,0
601,110894,4,0
601,110895,5,0
601,110896,6,0
601,112077,7,0
601,112014,8,0
601,112055,9,0
601,112056,10,0
601,112058,11,0
601,112060,12,0
601,112012,13,0
601,134021,14,1
700,112076,1,0
700,112022,2,0
700,110880,3,0
700,111009,4,0
700,110881,5,0
700,112087,6,0
700,112092,7,0
700,110813,8,0
700,112028,9,0
700,112001,10,0
700,112030,11,0
700,112083,12,0
700,112032,13,0
700,112029,14,0
700,110755,15,0
700,110756,16,0
700,110757,17,0
700,110976,18,0
700,112084,19,0
700,110977,20,0
700,112093,21,0
700,110762,22,0
700,110993,23,0
700,112050,24,0
700,112033,25,0
700,112062,26,0
700,112089,27,0
700,112063,28,0
700,112043,29,0
700,112000,30,0
700,112026,31,0
700,110802,32,0
700,110803,33,0
700,110804,34,0
700,110994,35,0
700,110805,36,0
700,112051,37,0
700,112039,38,0
700,112041,39,0
700,110980,40,0
700,110996,41,0
700,112017,42,0
700,110999,43,0
700,112047,44,0
700,112048,45,0
700,111010,46,0
700,112090,47,0
700,110856,48,1
701,112076,1,0
701,112022,2,0
701,112074,3,0
701,110907,4,0
701,110908,5,0
701,110909,6,0
701,110910,7,0
701,112018,8,0
701,110911,9,0
701,110912,10,0
701,112040,11,0
701,112053,12,0
701,112052,13,0
701,110760,14,0
701,110761,15,0
701,110762,16,0
701,110993,17,0
701,110763,18,0
701,112031,19,0
701,112000,20,0
701,110883,21,0
701,110884,22,0
701,110991,23,0
701,110885,24,0
701,112079,25,0
701,110888,26,0
701,112049,27,0
701,110802,28,0
701,110803,29,0
701,110804,30,0
701,112095,31,0
701,112094,32,0
701,110921,33,0
701,112085,34,0
701,110922,35,0
701,110807,36,0
701,110808,37,0
701,110809,38,0
701,110810,39,0
701,112027,40,0
701,112025,41,0
701,112028,42,0
701,112001,43,0
701,110751,44,0
701,112091,45,0
701,112086,46,0
701,110852,47,0
701,110853,48,0
701,110854,49,0
701,112090,50,0
701,110856,51,1
800,112000,1,0
800,112102,2,0
800,110765,3,0
800,110766,4,0
800,110767,5,0
800,110972,6,0
800,110940,7,0
800,110941,8,0
800,110942,9,0
800,110989,10,0
800,110882,11,0
800,112109,12,0
800,110887,13,0
800,110888,14,0
800,110773,15,0
800,110774,16,0
800,110775,17,0
800,110776,18,0
800,110777,19,0
800,110778,20,0
800,110779,21,0
800,110780,22,0
800,112019,23,0
800,111000,24,0
800,112104,25,0
800,111003,26,0
800,110750,27,0
800,110751,28,0
800,112091,29,0
800,111005,30,0
800,110752,31,0
800,110903,32,0
800,112016,33,0
800,110904,34,0
800,110905,35,0
800,110907,36,0
800,110908,37,0
800,110909,38,0
800,112070,39,0
800,112072,40,0
800,112073,41,0
800,112068,42,0
800,112076,43,1
801,110856,1,0
801,110857,2,0
801,112003,3,0
801,112004,4,0
801,112071,5,0
801,112069,6,0
801,112017,7,0
801,110999,8,0
801,112047,9,0
801,112048,10,0
801,111010,11,0
801,110973,12,0
801,110947,13,0
801,110948,14,0
801,110812,15,0
801,110958,16,0
801,112092,17,0
801,110813,18,0
801,112021,19,0
801,112100,20,0
801,111001,21,0
801,110782,22,0
801,110783,23,0
801,110784,24,0
801,110785,25,0
801,110786,26,0
801,110964,27,0
801,110787,28,0
801,110788,29,0
801,110789,30,0
801,110790,31,0
801,110791,32,0
801,110792,33,0
801,112116,34,0
801,112117,35,0
801,112088,36,0
801,112108,37,0
801,112110,38,0
801,112111,39,0
801,112112,40,0
801,112113,41,0
801,112114,42,0
801,112115,43,0
801,110828,44,0
801,112045,45,0
801,112044,46,0
801,112046,47,0
801,110800,48,0
801,112000,49,1
1500,112002,1,0
1500,110946,2,0
1500,110800,3,0
1500,112000,4,1
1501,112000,1,0
1501,112002,2,1
