'865',100,83500,,'',0,10000,,'',0,10000,,'',0,10000,,'',0,10000,,'',0,10000,,'',0,10000,,'',0,10000,,'',0,10000,,'',0,10000,,'',0,10000,,'',0,10000,,'',0,10000,,'',0,10000,,'',0
'865',101,83200,4,'',0,10000,4,'',0,10000,4,'',0,10000,4,'',0,10000,4,'',0,10000,4,'',0,10000,4,'',0,10000,4,'',0,10000,4,'',0,10000,4,'',0,10000,4,'',0,10000,4,'',0,10000,4,'',0,10000,4,'',0,10000,4,'',0
'882',100,83500,,'',0,10000,,'',0,10000,,'',0,10000,,'',0,10000,,'',0,10000,,'',0,10000,,'',0,10000,,'',0,10000,,'',0,10000,,'',0
'882',101,83200,4,'',0,10000,4,'',0,10000,4,'',0,10000,4,'',0,10000,4,'',0,10000,4,'',0,10000,4,'',0,10000,4,'',0,10000,4,'',0,10000,4,'',0
'906',100,63500,,'',0,7000,,'',0,2000,,'',0,2000,,'',0,6000,,'',0,3000,,'',0,7000,,'',0,3000,,'',0,7000,,'',0,3000,,'',0,7000,,'',0,3000,,'',0,10000,,'',0,10000,,'',0,7800,,'',0,2200,,'',0,1500,,'',0,5500,,'',0,3000,,'',0,7000,,'',0,2000,,'',0,2000,,'',0,6000,,'',0,3000,,'',0,7000,,'',0,3000,,'',0,7000,,'',0,10000,,'',0,10000,,'',0,10000,,'',0
'906',101,73200,4,'',0,7000,4,'',0,2000,4,'',0,2000,4,'',0,6000,4,'',0,3000,4,'',0,7000,4,'',0,3000,4,'',0,7000,4,'',0,3000,4,'',0,7000,4,'',0,3000,4,'',0,10000,4,'',0,10000,4,'',0,1500,4,'',0,5500,4,'',0,3000,4,'',0,500,4,'',0,6500,4,'',0,3000,4,'',0,7000,4,'',0,2000,4,'',0,2000,4,'',0,6000,4,'',0,10000,4,'',0,3000,4,'',0,7000,4,'',0,10000,4,'',0,10000,4,'',0
'865',200,83000,,'',0,10000,,'',0,10000,,'',0,10000,,'',0,10000,,'',0,10000,,'',0,10000,,'',0,10000,,'',0,10000,,'',0,10000,,'',0,10000,,'',0,10000,,'',0,10000,,'',0
'865',201,82200,4,'',0,10000,4,'',0,10000,4,'',0,10000,4,'',0,10000,4,'',0,10000,4,'',0,10000,4,'',0,10000,4,'',0,10000,4,'',0,10000,4,'',0,10000,4,'',0,10000,4,'',0,10000,4,'',0
'882',200,83000,,'',0,10000,,'',0,10000,,'',0,10000,,'',0,10000,,'',0,10000,,'',0,10000,,'',0,10000,,'',0,10000,,'',0
'882',201,92200,4,'',0,10000,4,'',0,10000,4,'',0,10000,4,'',0,10000,4,'',0,10000,4,'',0,10000,4,'',0,10000,4,'',0
'906',200,65500,,'',0,7000,,'',0,3000,,'',0,7000,,'',0,3000,,'',0,10000,,'',0,10000,,'',0,10000,,'',0,10000,,'',0,10000,,'',0,10000,,'',0,7000,,'',0,3000,,'',0,7000,,'',0,3000,,'',0,7000,,'',0,10000,,'',0,10000,,'',0,10000,,'',0,10000,,'',0
'906',201,71700,4,'',0,3000,4,'',0,7000,4,'',0,3000,4,'',0,10000,4,'',0,10000,4,'',0,20000,4,'',0,10000,4,'',0,10000,4,'',0,7000,4,'',0,10000,4,'',0,3000,4,'',0,7000,4,'',0,10000,4,'',0,10000,4,'',0,10000,4,'',0,10000,4,'',0,10000,4,'',0
'865',300,83000,,'',0,17000,,'',0,10000,,'',0,10000,,'',0,10000,,'',0,13000,,'',0,10000,,'',0,10000,,'',0,10000,,'',0,10000,,'',0,10000,,'',0,10000,,'',0
'865',301,81300,4,'',0,23000,4,'',0,20000,4,'',0,27000,4,'',0,10000,4,'',0,10000,4,'',0,10000,4,'',0,10000,4,'',0,10000,4,'',0
'882',300,83000,,'',0,17000,,'',0,10000,,'',0,10000,,'',0,23000,,'',0,10000,,'',0,10000,,'',0
'882',301,91300,4,'',0,13000,4,'',0,10000,4,'',0,10000,4,'',0,27000,4,'',0,10000,4,'',0,10000,4,'',0
'906',300,73000,,'',0,10000,,'',0,17000,,'',0,10000,,'',0,10000,,'',0,10000,,'',0,13000,,'',0,10000,,'',0,10000,,'',0,10000,,'',0,10000,,'',0,10000,,'',0,10000,,'',0
'906',301,71300,4,'',0,10000,4,'',0,23000,4,'',0,10000,4,'',0,10000,4,'',0,27000,4,'',0,10000,4,'',0,10000,4,'',0,10000,4,'',0,10000,4,'',0,10000,4,'',0
'865',600,100000,4,'',0,23000,4,'',0,20000,4,'',0,40000,4,'',0,37200,4,'',0
'882',600,100000,4,'',0,23000,4,'',0,20000,4,'',0,37500,4,'',0
'906',600,70100,4,'',0,4500,4,'',0,8400,4,'',0,12900,4,'',0,27200,4,'',0,19800,4,'',0,18700,4,'',0,11400,4,'',0,10100,4,'',0,17900,4,'',0,19600,4,'',0
