101,'4532',811,,61,3,,,0,100,,62,3,,,0,100,,64,3,,,0,100,,63,3,,,0,100,,65,3,,,0,100,,67,3,,,0,100,,66,3,,,0,100,,68,3,,,0,100,,69,3,,,0,100,,70,3,,,0,100,,71,3,,,0,100,,72,3,,,0,100,,73,3,,,0,100,,74,3,,,0,100,,75,3,,,0
101,'4831',711,,79,3,,,0,30,,76,3,,,0,60,,77,3,,,0,20,,78,3,,,0,20,,81,3,,,0,70,,80,3,,,0,30,,82,3,,,0,70,,83,3,,,0,30,,84,3,,,0,70,,86,3,,,0,30,,87,3,,,0,70,,85,3,,,0,100,,89,3,,,0,30,,105,3,,,0,70,,90,3,,,0,15,,103,3,,,0,15,,91,3,,,0,70,,88,3,,,0,5,,104,3,,,0,25,,92,3,,,0,70,,94,3,,,0,30,,95,3,,,0,60,,93,3,,,0,20,,96,3,,,0,20,,97,3,,,0,100,,102,3,,,0,70,,99,3,,,0,30,,98,3,,,0,100,,100,3,,,0,100,,101,3,,,0
101,'4832',811,,106,3,,,0,100,,107,3,,,0,100,,108,3,,,0,100,,109,3,,,0,100,,110,3,,,0,100,,111,3,,,0,100,,112,3,,,0,100,,113,3,,,0,100,,115,3,,,0,100,,114,3,,,0
101,'4833',1036,,116,3,,,0,105,,117,3,,,0,105,,118,3,,,0,100,,119,3,,,0,455,,120,3,,,0,110,,121,3,,,0
201,'4532',802,,170,3,,,0,100,,171,3,,,0,100,,172,3,,,0,100,,173,3,,,0,100,,175,3,,,0,100,,174,3,,,0,100,,176,3,,,0,100,,182,3,,,0,100,,183,3,,,0,100,,177,3,,,0,100,,178,3,,,0,100,,179,3,,,0,100,,180,3,,,0,100,,181,3,,,0
201,'4831',657,,184,3,,,0,70,,186,3,,,0,30,,187,3,,,0,70,,185,3,,,0,100,,188,3,,,0,100,,189,3,,,0,100,,190,3,,,0,100,,191,3,,,0,100,,192,3,,,0,100,,193,3,,,0,30,,194,3,,,0,100,,195,3,,,0,70,,196,3,,,0,30,,197,3,,,0,100,,198,3,,,0,100,,199,3,,,0,100,,200,3,,,0,100,,201,3,,,0,100,,202,3,,,0
201,'4832',902,,203,3,,,0,100,,204,3,,,0,100,,205,3,,,0,100,,206,3,,,0,100,,207,3,,,0,100,,208,3,,,0,100,,210,3,,,0,100,,211,3,,,0,100,,209,3,,,0
201,'4833',1037,,212,3,,,0,105,,213,3,,,0,105,,214,3,,,0,103,,215,3,,,0,452,,216,3,,,0,110,,217,3,,,0
700,'4532',919,,375,3,0,5 2 6,0,113,,376,3,0,5 2 6,0,110,,377,3,0,5 2 6,0
700,'4831',700,,381,3,0,5 2 6,0,112,,380,3,0,5 2 6,0,120,,378,3,0,5 2 6,0,210,,379,3,0,5 2 6,0
700,'4832',922,,382,3,0,5 2 6,0,110,,383,3,0,5 2 6,0,110,,384,3,0,5 2 6,0
700,'4833',1104,,385,3,0,5 2 6,0
