100,'4528',658,,41,31,,,0,70,,26,31,,,0,20,,25,31,,,0,60,,23,31,,,0,20,,24,31,,,0,30,,21,31,,,0,70,,17,31,,,0,30,,20,31,,,0,70,,28,31,,,0,30,,19,31,,,0,70,,15,31,,,0,30,,16,31,,,0,100,,18,31,,,0,100,,38,31,,,0,75,,37,31,,,0,25,,39,31,,,0,53,,44,31,,,0,17,,40,31,,,0,30,,36,31,,,0,70,,35,31,,,0,20,,34,31,,,0,60,,33,31,,,0,20,,30,31,,,0,30,,32,31,,,0,70,,42,31,,,0,30,,43,31,,,0,70,,29,31,,,0,100,,22,31,,,0,100,,31,31,,,0,100,,27,31,,,0
100,'4532',856,,1,31,,,0,102,,2,31,,,0,100,,4,31,,,0,100,,3,31,,,0,100,,5,31,,,0,98,,7,31,,,0,102,,6,31,,,0,100,,8,31,,,0,100,,9,31,,,0,100,,12,31,,,0,100,,13,31,,,0,100,,10,31,,,0,98,,14,31,,,0,102,,11,31,,,0
100,'4832',858,,45,31,,,0,100,,46,31,,,0,100,,48,31,,,0,100,,49,31,,,0,100,,50,31,,,0,100,,51,31,,,0,100,,52,31,,,0,100,,53,31,,,0,100,,54,31,,,0,100,,47,31,,,0
100,'4833',1133,,55,31,,,0,100,,56,31,,,0,108,,57,31,,,0,97,,58,31,,,0,420,,59,31,,,0,150,,60,31,,,0
200,'4528',718,,135,31,,,0,30,,136,31,,,0,70,,137,31,,,0,30,,138,31,,,0,70,,139,31,,,0,100,,141,31,,,0,100,,142,31,,,0,100,,143,31,,,0,100,,140,31,,,0,100,,144,31,,,0,100,,145,31,,,0,30,,146,31,,,0,70,,148,31,,,0,30,,149,31,,,0,69,,150,31,,,0,31,,147,31,,,0,100,,151,31,,,0,100,,152,31,,,0,100,,153,31,,,0,100,,154,31,,,0
200,'4532',853,,122,31,,,0,100,,124,31,,,0,100,,123,31,,,0,100,,125,31,,,0,100,,126,31,,,0,100,,127,31,,,0,100,,129,31,,,0,100,,133,31,,,0,100,,134,31,,,0,100,,128,31,,,0,100,,130,31,,,0,100,,132,31,,,0,100,,131,31,,,0
200,'4832',853,,155,31,,,0,100,,156,31,,,0,100,,157,31,,,0,100,,158,31,,,0,100,,159,31,,,0,100,,160,31,,,0,100,,161,31,,,0,100,,162,31,,,0,100,,163,31,,,0
200,'4833',1133,,164,31,,,0,100,,165,31,,,0,105,,166,31,,,0,103,,167,31,,,0,417,,168,31,,,0,150,,169,31,,,0
701,'4528',1112,,398,48,0,5 2 6,0,226,,392,48,0,5 2 6,0,215,,393,48,0,5 2 6,0,153,,394,48,0,5 2 6,0,117,,395,48,0,5 2 6,0,100,,396,48,0,5 2 6,0,110,,397,48,0,5 2 6,0
701,'4532',1333,,386,48,0,5 2 6,0,220,,387,48,0,5 2 6,0,150,,388,48,0,5 2 6,0,110,,389,48,0,5 2 6,0,110,,390,48,0,5 2 6,0,110,,391,48,0,5 2 6,0
701,'4832',1333,,400,48,0,5 2 6,0,220,,401,48,0,5 2 6,0,153,,402,48,0,5 2 6,0,113,,399,48,0,5 2 6,0
701,'4833',1253,,403,48,0,5 2 6,0,150,,404,48,0,5 2 6,0,610,,405,48,0,5 2 6,0
