1,100,'4532',1,2,3,4,5,6,7,8,9,10,11,12,13,14
1,100,'4831',15,16,17,18,19,20,21,22,23,24,25,26,27,28,29,30,31,32,33,34,35,36,37,38,39,40,41,42,43,44
1,100,'4832',45,46,47,48,49,50,51,52,53,54
1,100,'4833',55,56,57,58,59,60
1,101,'4532',61,62,63,64,65,66,67,68,69,70,71,72,73,74,75
1,101,'4831',76,77,78,79,80,81,82,83,84,85,86,87,88,89,90,91,92,93,94,95,96,97,98,99,100,101,102,103,104,105
1,101,'4832',106,107,108,109,110,111,112,113,114,115
1,101,'4833',116,117,118,119,120,121
2,200,'4532',122,123,124,125,126,127,128,129,130,131,132,133,134
2,200,'4831',135,136,137,138,139,140,141,142,143,144,145,146,147,148,149,150,151,152,153,154
2,200,'4832',155,156,157,158,159,160,161,162,163
2,200,'4833',164,165,166,167,168,169
2,201,'4532',170,171,172,173,174,175,176,177,178,179,180,181,182,183
2,201,'4831',184,185,186,187,188,189,190,191,192,193,194,195,196,197,198,199,200,201,202
2,201,'4832',203,204,205,206,207,208,209,210,211
2,201,'4833',212,213,214,215,216,217
3,300,'4532',218,219,220,221,222,223,224,225,226,227,228,229
3,300,'4831',230,231,232,233,234,235,236,237,238,239,240,241,242
3,300,'4832',243,244,245,246,247,248,249
3,300,'4833',250,251,252,253
3,301,'4532',254,255,256,257,258,259,260,261,262,263,264,265
3,301,'4831',266,267,268,269,270,271,272,273,274,275,276,277,278,279,280
3,301,'4832',281,282,283,284,285,286,287
3,301,'4833',288,289,290,291
4,400,'4532',292,293,294,295,296,297,298,299,300,301,302
4,400,'4831',303,304,305,306,307,308,309,310,311,312,313,314,315
4,400,'4832',316,317,318,319,320,321
4,400,'4833',322,323,324,325,326,327
6,600,'4532',328,329,330,331,332
6,600,'4831',333,334,335,336,337,338,339,340,341,342,343
6,600,'4832',344,345,346,347
6,600,'4833',348,349,350,351
6,601,'4532',352,353,354,355,356
6,601,'4831',357,358,359,360,361,362,363,364,365,366
6,601,'4832',367,368,369,370
6,601,'4833',371,372,373,374
7,700,'4532',375,376,377
7,700,'4831',378,379,380,381
7,700,'4832',382,383,384
7,700,'4833',385
7,701,'4532',386,387,388,389,390,391
7,701,'4831',392,393,394,395,396,397,398
7,701,'4832',399,400,401,402
7,701,'4833',403,404,405
8,800,'4532',406,407
8,800,'4831',408,409,410
8,801,'4532',411,412
8,801,'4831',413,414
15,1500,'4532',415,416,417
15,1500,'4831',418,419,420,421
15,1501,'4532',422,423,424
15,1501,'4831',425,426,427,428
