100,'4528',659,,41,33,,,0,70,,26,33,,,0,20,,25,33,,,0,60,,23,33,,,0,20,,24,33,,,0,30,,21,33,,,0,70,,17,33,,,0,30,,20,33,,,0,70,,28,33,,,0,30,,19,33,,,0,70,,15,33,,,0,30,,16,33,,,0,100,,18,33,,,0,100,,38,33,,,0,75,,37,33,,,0,25,,39,33,,,0,53,,44,33,,,0,17,,40,33,,,0,30,,36,33,,,0,70,,35,33,,,0,20,,34,33,,,0,60,,33,33,,,0,20,,30,33,,,0,30,,32,33,,,0,70,,42,33,,,0,30,,43,33,,,0,70,,29,33,,,0,100,,22,33,,,0,100,,31,33,,,0,100,,27,33,,,0
100,'4532',857,,1,33,,,0,102,,2,33,,,0,100,,4,33,,,0,100,,3,33,,,0,100,,5,33,,,0,98,,7,33,,,0,102,,6,33,,,0,100,,8,33,,,0,100,,9,33,,,0,100,,12,33,,,0,100,,13,33,,,0,100,,10,33,,,0,98,,14,33,,,0,102,,11,33,,,0
100,'4832',859,,45,33,,,0,100,,46,33,,,0,100,,48,33,,,0,100,,49,33,,,0,100,,50,33,,,0,100,,51,33,,,0,100,,52,33,,,0,100,,53,33,,,0,100,,54,33,,,0,100,,47,33,,,0
100,'4833',1134,,55,33,,,0,100,,56,33,,,0,108,,57,33,,,0,97,,58,33,,,0,420,,59,33,,,0,150,,60,33,,,0
200,'4528',720,,135,33,,,0,30,,136,33,,,0,70,,137,33,,,0,29,,138,33,,,0,71,,139,33,,,0,100,,141,33,,,0,100,,142,33,,,0,100,,143,33,,,0,100,,140,33,,,0,100,,144,33,,,0,99,,145,33,,,0,31,,146,33,,,0,70,,148,33,,,0,30,,149,33,,,0,68,,150,33,,,0,32,,147,33,,,0,99,,151,33,,,0,101,,152,33,,,0,100,,153,33,,,0,100,,154,33,,,0
200,'4532',854,,122,33,,,0,101,,124,33,,,0,100,,123,33,,,0,100,,125,33,,,0,100,,126,33,,,0,99,,127,33,,,0,101,,129,33,,,0,100,,133,33,,,0,100,,134,33,,,0,100,,128,33,,,0,100,,130,33,,,0,100,,132,33,,,0,99,,131,33,,,0
200,'4832',855,,155,33,,,0,100,,156,33,,,0,100,,157,33,,,0,100,,158,33,,,0,100,,159,33,,,0,100,,160,33,,,0,100,,161,33,,,0,100,,162,33,,,0,100,,163,33,,,0
200,'4833',1135,,164,33,,,0,100,,165,33,,,0,105,,166,33,,,0,102,,167,33,,,0,458,,168,33,,,0,109,,169,33,,,0
700,'4528',742,,381,45,0,5 2 6,0,112,,380,45,0,5 2 6,0,160,,378,45,0,5 2 6,0,210,,379,45,0,5 2 6,0
700,'4532',1001,,375,45,0,5 2 6,0,113,,376,45,0,5 2 6,0,110,,377,45,0,5 2 6,0
700,'4832',1003,,382,45,0,5 2 6,0,111,,383,45,0,5 2 6,0,110,,384,45,0,5 2 6,0
700,'4833',1146,,385,45,0,5 2 6,0
701,'4528',1113,,398,50,0,5 2 6,0,226,,392,50,0,5 2 6,0,215,,393,50,0,5 2 6,0,153,,394,50,0,5 2 6,0,117,,395,50,0,5 2 6,0,100,,396,50,0,5 2 6,0,110,,397,50,0,5 2 6,0
701,'4532',1334,,386,50,0,5 2 6,0,220,,387,50,0,5 2 6,0,150,,388,50,0,5 2 6,0,110,,389,50,0,5 2 6,0,110,,390,50,0,5 2 6,0,110,,391,50,0,5 2 6,0
701,'4832',1334,,400,50,0,5 2 6,0,220,,401,50,0,5 2 6,0,153,,402,50,0,5 2 6,0,113,,399,50,0,5 2 6,0
701,'4833',1254,,403,50,0,5 2 6,0,150,,404,50,0,5 2 6,0,610,,405,50,0,5 2 6,0
