201,'4532',806,,170,10,,,0,100,,171,10,,,0,100,,172,10,,,0,100,,173,10,,,0,100,,175,10,,,0,100,,174,10,,,0,100,,176,10,,,0,100,,182,10,,,0,100,,183,10,,,0,100,,177,10,,,0,100,,178,10,,,0,100,,179,10,,,0,100,,180,10,,,0,100,,181,10,,,0
201,'4831',701,,184,10,,,0,30,,186,10,,,0,70,,187,10,,,0,30,,185,10,,,0,100,,188,10,,,0,100,,189,10,,,0,100,,190,10,,,0,100,,191,10,,,0,100,,192,10,,,0,100,,193,10,,,0,70,,194,10,,,0,100,,195,10,,,0,30,,196,10,,,0,70,,197,10,,,0,100,,198,10,,,0,100,,199,10,,,0,100,,200,10,,,0,100,,201,10,,,0,100,,202,10,,,0
201,'4832',906,,203,10,,,0,100,,204,10,,,0,100,,205,10,,,0,100,,206,10,,,0,100,,207,10,,,0,100,,208,10,,,0,100,,210,10,,,0,100,,211,10,,,0,100,,209,10,,,0
201,'4833',1041,,212,10,,,0,105,,213,10,,,0,105,,214,10,,,0,103,,215,10,,,0,452,,216,10,,,0,110,,217,10,,,0
300,'4532',857,,218,27,4,,0,170,,219,27,4,,0,100,,220,27,4,,0,100,,221,27,4,,0,100,,222,27,4,,0,130,,223,27,4,,0,100,,224,27,4,,0,100,,225,27,4,,0,100,,226,27,4,,0,100,,227,27,4,,0,100,,228,27,4,,0,100,,229,27,4,,0
300,'4831',757,,238,27,4,,0,100,,237,27,4,,0,170,,240,27,4,,0,100,,241,27,4,,0,100,,239,27,4,,0,100,,242,27,4,,0,130,,236,27,4,,0,100,,235,27,4,,0,100,,234,27,4,,0,100,,233,27,4,,0,100,,232,27,4,,0,100,,230,27,4,,0,100,,231,27,4,,0
300,'4832',857,,243,27,4,,0,170,,244,27,4,,0,100,,245,27,4,,0,100,,246,27,4,,0,230,,247,27,4,,0,100,,248,27,4,,0,100,,249,27,4,,0
300,'4833',1106,,250,27,4,,0,118,,251,27,4,,0,118,,252,27,4,,0,588,,253,27,4,,0
301,'4532',800,,255,1,,,0,100,,254,1,,,0,130,,256,1,,,0,100,,257,1,,,0,100,,258,1,,,0,100,,259,1,,,0,170,,260,1,,,0,100,,261,1,,,0,100,,262,1,,,0,100,,263,1,,,0,100,,264,1,,,0,100,,265,1,,,0
301,'4831',612,,280,1,,,0,88,,266,1,,,0,100,,267,1,,,0,100,,275,1,,,0,130,,278,1,,,0,100,,277,1,,,0,100,,276,1,,,0,100,,279,1,,,0,170,,274,1,,,0,100,,271,1,,,0,100,,273,1,,,0,100,,269,1,,,0,100,,272,1,,,0,100,,270,1,,,0,100,,268,1,,,0
301,'4832',900,,281,1,,,0,130,,282,1,,,0,100,,283,1,,,0,100,,284,1,,,0,270,,286,1,,,0,100,,287,1,,,0,100,,285,1,,,0
301,'4833',949,,288,1,,,0,160,,289,1,,,0,118,,290,1,,,0,588,,291,1,,,0
801,'4532',1026,,412,21,,,0,332,,411,21,,,0
801,'4831',800,,413,21,,,0,137,,414,21,,,0
