100,'4528',647,,41,17,,,0,70,,26,17,,,0,20,,25,17,,,0,20,,23,17,,,0,60,,24,17,,,0,30,,21,17,,,0,70,,17,17,,,0,30,,20,17,,,0,70,,28,17,,,0,30,,19,17,,,0,70,,15,17,,,0,30,,16,17,,,0,100,,18,17,,,0,100,,38,17,,,0,75,,37,17,,,0,25,,39,17,,,0,55,,44,17,,,0,15,,40,17,,,0,30,,36,17,,,0,70,,35,17,,,0,20,,34,17,,,0,20,,33,17,,,0,60,,30,17,,,0,30,,32,17,,,0,70,,42,17,,,0,30,,43,17,,,0,70,,29,17,,,0,100,,22,17,,,0,100,,31,17,,,0,100,,27,17,,,0
100,'4532',847,,1,17,,,0,100,,2,17,,,0,100,,4,17,,,0,100,,3,17,,,0,100,,5,17,,,0,100,,7,17,,,0,100,,6,17,,,0,100,,8,17,,,0,100,,9,17,,,0,100,,12,17,,,0,100,,13,17,,,0,100,,10,17,,,0,100,,14,17,,,0,100,,11,17,,,0
100,'4832',847,,45,17,,,0,100,,46,17,,,0,100,,48,17,,,0,100,,49,17,,,0,100,,50,17,,,0,100,,51,17,,,0,100,,52,17,,,0,100,,53,17,,,0,100,,54,17,,,0,100,,47,17,,,0
100,'4833',1122,,55,17,,,0,100,,56,17,,,0,108,,57,17,,,0,97,,58,17,,,0,420,,59,17,,,0,110,,60,17,,,0
700,'4528',732,,381,32,0,5 2 6,0,112,,380,32,0,5 2 6,0,160,,378,32,0,5 2 6,0,210,,379,32,0,5 2 6,0
700,'4532',951,,375,32,0,5 2 6,0,153,,376,32,0,5 2 6,0,110,,377,32,0,5 2 6,0
700,'4832',954,,382,32,0,5 2 6,0,150,,383,32,0,5 2 6,0,110,,384,32,0,5 2 6,0
700,'4833',1136,,385,32,0,5 2 6,0
701,'4528',1053,,398,27,0,5 2 6,0,266,,392,27,0,5 2 6,0,215,,393,27,0,5 2 6,0,113,,394,27,0,5 2 6,0,157,,395,27,0,5 2 6,0,100,,396,27,0,5 2 6,0,110,,397,27,0,5 2 6,0
701,'4532',1314,,386,27,0,5 2 6,0,220,,387,27,0,5 2 6,0,110,,388,27,0,5 2 6,0,110,,389,27,0,5 2 6,0,150,,390,27,0,5 2 6,0,110,,391,27,0,5 2 6,0
701,'4832',1314,,400,27,0,5 2 6,0,220,,401,27,0,5 2 6,0,113,,402,27,0,5 2 6,0,153,,399,27,0,5 2 6,0
701,'4833',1234,,403,27,0,5 2 6,0,110,,404,27,0,5 2 6,0,610,,405,27,0,5 2 6,0
