100,'4532',848,,1,18,,,0,100,,2,18,,,0,100,,4,18,,,0,100,,3,18,,,0,100,,5,18,,,0,100,,7,18,,,0,100,,6,18,,,0,100,,8,18,,,0,100,,9,18,,,0,100,,12,18,,,0,100,,13,18,,,0,100,,10,18,,,0,100,,14,18,,,0,100,,11,18,,,0
100,'4831',648,,41,18,,,0,70,,26,18,,,0,20,,25,18,,,0,20,,23,18,,,0,60,,24,18,,,0,30,,21,18,,,0,70,,17,18,,,0,30,,20,18,,,0,70,,28,18,,,0,30,,19,18,,,0,70,,15,18,,,0,30,,16,18,,,0,100,,18,18,,,0,100,,38,18,,,0,75,,37,18,,,0,25,,39,18,,,0,55,,44,18,,,0,15,,40,18,,,0,30,,36,18,,,0,70,,35,18,,,0,20,,34,18,,,0,20,,33,18,,,0,60,,30,18,,,0,30,,32,18,,,0,70,,42,18,,,0,30,,43,18,,,0,70,,29,18,,,0,100,,22,18,,,0,100,,31,18,,,0,100,,27,18,,,0
100,'4832',848,,45,18,,,0,100,,46,18,,,0,100,,48,18,,,0,100,,49,18,,,0,100,,50,18,,,0,100,,51,18,,,0,100,,52,18,,,0,100,,53,18,,,0,100,,54,18,,,0,100,,47,18,,,0
100,'4833',1123,,55,18,,,0,100,,56,18,,,0,108,,57,18,,,0,97,,58,18,,,0,420,,59,18,,,0,110,,60,18,,,0
700,'4532',951,,375,33,0,5 2 6,0,153,,376,33,0,5 2 6,0,110,,377,33,0,5 2 6,0
700,'4831',732,,381,33,0,5 2 6,0,112,,380,33,0,5 2 6,0,160,,378,33,0,5 2 6,0,210,,379,33,0,5 2 6,0
700,'4832',954,,382,33,0,5 2 6,0,150,,383,33,0,5 2 6,0,110,,384,33,0,5 2 6,0
700,'4833',1136,,385,33,0,5 2 6,0
701,'4532',1315,,386,28,0,5 2 6,0,220,,387,28,0,5 2 6,0,110,,388,28,0,5 2 6,0,110,,389,28,0,5 2 6,0,150,,390,28,0,5 2 6,0,110,,391,28,0,5 2 6,0
701,'4831',1054,,398,28,0,5 2 6,0,266,,392,28,0,5 2 6,0,215,,393,28,0,5 2 6,0,113,,394,28,0,5 2 6,0,157,,395,28,0,5 2 6,0,100,,396,28,0,5 2 6,0,110,,397,28,0,5 2 6,0
701,'4832',1315,,400,28,0,5 2 6,0,220,,401,28,0,5 2 6,0,113,,402,28,0,5 2 6,0,153,,399,28,0,5 2 6,0
701,'4833',1235,,403,28,0,5 2 6,0,110,,404,28,0,5 2 6,0,610,,405,28,0,5 2 6,0
