101,'4532',814,,61,7,,,0,100,,62,7,,,0,100,,64,7,,,0,100,,63,7,,,0,100,,65,7,,,0,100,,67,7,,,0,100,,66,7,,,0,100,,68,7,,,0,100,,69,7,,,0,100,,70,7,,,0,100,,71,7,,,0,100,,72,7,,,0,100,,73,7,,,0,100,,74,7,,,0,100,,75,7,,,0
101,'4831',714,,79,7,,,0,30,,76,7,,,0,60,,77,7,,,0,20,,78,7,,,0,20,,81,7,,,0,70,,80,7,,,0,30,,82,7,,,0,70,,83,7,,,0,30,,84,7,,,0,70,,86,7,,,0,30,,87,7,,,0,70,,85,7,,,0,100,,89,7,,,0,30,,105,7,,,0,70,,90,7,,,0,15,,103,7,,,0,15,,91,7,,,0,70,,88,7,,,0,5,,104,7,,,0,25,,92,7,,,0,70,,94,7,,,0,30,,95,7,,,0,60,,93,7,,,0,20,,96,7,,,0,20,,97,7,,,0,100,,102,7,,,0,70,,99,7,,,0,30,,98,7,,,0,100,,100,7,,,0,100,,101,7,,,0
101,'4832',814,,106,7,,,0,100,,107,7,,,0,100,,108,7,,,0,100,,109,7,,,0,100,,110,7,,,0,100,,111,7,,,0,100,,112,7,,,0,100,,113,7,,,0,100,,115,7,,,0,100,,114,7,,,0
101,'4833',1039,,116,7,,,0,105,,117,7,,,0,105,,118,7,,,0,100,,119,7,,,0,455,,120,7,,,0,110,,121,7,,,0
201,'4532',805,,170,7,,,0,100,,171,7,,,0,100,,172,7,,,0,100,,173,7,,,0,100,,175,7,,,0,100,,174,7,,,0,100,,176,7,,,0,100,,182,7,,,0,100,,183,7,,,0,100,,177,7,,,0,100,,178,7,,,0,100,,179,7,,,0,100,,180,7,,,0,100,,181,7,,,0
201,'4831',700,,184,7,,,0,30,,186,7,,,0,70,,187,7,,,0,30,,185,7,,,0,100,,188,7,,,0,100,,189,7,,,0,100,,190,7,,,0,100,,191,7,,,0,100,,192,7,,,0,100,,193,7,,,0,70,,194,7,,,0,100,,195,7,,,0,30,,196,7,,,0,70,,197,7,,,0,100,,198,7,,,0,100,,199,7,,,0,100,,200,7,,,0,100,,201,7,,,0,100,,202,7,,,0
201,'4832',905,,203,7,,,0,100,,204,7,,,0,100,,205,7,,,0,100,,206,7,,,0,100,,207,7,,,0,100,,208,7,,,0,100,,210,7,,,0,100,,211,7,,,0,100,,209,7,,,0
201,'4833',1040,,212,7,,,0,105,,213,7,,,0,105,,214,7,,,0,103,,215,7,,,0,452,,216,7,,,0,110,,217,7,,,0
300,'4532',854,,218,25,,,0,170,,219,25,,,0,100,,220,25,,,0,100,,221,25,,,0,100,,222,25,,,0,130,,223,25,,,0,100,,224,25,,,0,100,,225,25,,,0,100,,226,25,,,0,100,,227,25,,,0,100,,228,25,,,0,100,,229,25,,,0
300,'4831',754,,238,25,,,0,100,,237,25,,,0,170,,240,25,,,0,100,,241,25,,,0,100,,239,25,,,0,100,,242,25,,,0,130,,236,25,,,0,100,,235,25,,,0,100,,234,25,,,0,100,,233,25,,,0,100,,232,25,,,0,100,,230,25,,,0,100,,231,25,,,0
300,'4832',854,,243,25,,,0,170,,244,25,,,0,100,,245,25,,,0,100,,246,25,,,0,230,,247,25,,,0,100,,248,25,,,0,100,,249,25,,,0
300,'4833',1103,,250,25,,,0,118,,251,25,,,0,118,,252,25,,,0,588,,253,25,,,0
700,'4532',927,,375,11,0,5 2 6,0,113,,376,11,0,5 2 6,0,110,,377,11,0,5 2 6,0
700,'4831',708,,381,11,0,5 2 6,0,112,,380,11,0,5 2 6,0,120,,378,11,0,5 2 6,0,210,,379,11,0,5 2 6,0
700,'4832',930,,382,11,0,5 2 6,0,110,,383,11,0,5 2 6,0,110,,384,11,0,5 2 6,0
700,'4833',1112,,385,11,0,5 2 6,0
701,'4532',1329,,386,42,0,5 2 6,0,220,,387,42,0,5 2 6,0,110,,388,42,0,5 2 6,0,150,,389,42,0,5 2 6,0,110,,390,42,0,5 2 6,0,110,,391,42,0,5 2 6,0
701,'4831',1108,,398,42,0,5 2 6,0,226,,392,42,0,5 2 6,0,215,,393,42,0,5 2 6,0,153,,394,42,0,5 2 6,0,117,,395,42,0,5 2 6,0,100,,396,42,0,5 2 6,0,110,,397,42,0,5 2 6,0
701,'4832',1329,,400,42,0,5 2 6,0,220,,401,42,0,5 2 6,0,153,,402,42,0,5 2 6,0,113,,399,42,0,5 2 6,0
701,'4833',1249,,403,42,0,5 2 6,0,110,,404,42,0,5 2 6,0,650,,405,42,0,5 2 6,0
