101,'4532',831,,61,30,,,0,100,,62,30,,,0,100,,64,30,,,0,100,,63,30,,,0,100,,65,30,,,0,100,,67,30,,,0,100,,66,30,,,0,100,,68,30,,,0,100,,69,30,,,0,100,,70,30,,,0,100,,71,30,,,0,100,,72,30,,,0,100,,73,30,,,0,100,,74,30,,,0,100,,75,30,,,0
101,'4831',731,,79,30,,,0,70,,76,30,,,0,20,,77,30,,,0,20,,78,30,,,0,60,,81,30,,,0,30,,80,30,,,0,70,,82,30,,,0,30,,83,30,,,0,70,,84,30,,,0,30,,86,30,,,0,70,,87,30,,,0,30,,85,30,,,0,100,,89,30,,,0,70,,105,30,,,0,30,,90,30,,,0,15,,103,30,,,0,55,,91,30,,,0,30,,88,30,,,0,5,,104,30,,,0,65,,92,30,,,0,30,,94,30,,,0,70,,95,30,,,0,20,,93,30,,,0,20,,96,30,,,0,60,,97,30,,,0,100,,102,30,,,0,30,,99,30,,,0,70,,98,30,,,0,100,,100,30,,,0,100,,101,30,,,0
101,'4832',831,,106,30,,,0,100,,107,30,,,0,100,,108,30,,,0,100,,109,30,,,0,100,,110,30,,,0,100,,111,30,,,0,100,,112,30,,,0,100,,113,30,,,0,100,,115,30,,,0,100,,114,30,,,0
101,'4833',1056,,116,30,,,0,145,,117,30,,,0,105,,118,30,,,0,100,,119,30,,,0,415,,120,30,,,0,110,,121,30,,,0
201,'4532',821,,170,35,,,0,100,,171,35,,,0,100,,172,35,,,0,100,,173,35,,,0,100,,175,35,,,0,100,,174,35,,,0,100,,176,35,,,0,100,,182,35,,,0,100,,183,35,,,0,100,,177,35,,,0,100,,178,35,,,0,100,,179,35,,,0,100,,180,35,,,0,100,,181,35,,,0
201,'4831',716,,184,35,,,0,30,,186,35,,,0,70,,187,35,,,0,30,,185,35,,,0,100,,188,35,,,0,100,,189,35,,,0,100,,190,35,,,0,100,,191,35,,,0,100,,192,35,,,0,100,,193,35,,,0,70,,194,35,,,0,100,,195,35,,,0,30,,196,35,,,0,70,,197,35,,,0,100,,198,35,,,0,100,,199,35,,,0,100,,200,35,,,0,100,,201,35,,,0,100,,202,35,,,0
201,'4832',921,,203,35,,,0,100,,204,35,,,0,100,,205,35,,,0,100,,206,35,,,0,100,,207,35,,,0,100,,208,35,,,0,100,,210,35,,,0,100,,211,35,,,0,100,,209,35,,,0
201,'4833',1056,,212,35,,,0,145,,213,35,,,0,105,,214,35,,,0,103,,215,35,,,0,412,,216,35,,,0,110,,217,35,,,0
301,'4532',812,,255,18,,,0,100,,254,18,,,0,130,,256,18,,,0,100,,257,18,,,0,100,,258,18,,,0,100,,259,18,,,0,170,,260,18,,,0,100,,261,18,,,0,100,,262,18,,,0,100,,263,18,,,0,100,,264,18,,,0,100,,265,18,,,0
301,'4831',624,,280,18,,,0,88,,266,18,,,0,100,,267,18,,,0,100,,275,18,,,0,130,,278,18,,,0,100,,277,18,,,0,100,,276,18,,,0,100,,279,18,,,0,170,,274,18,,,0,100,,271,18,,,0,100,,273,18,,,0,100,,269,18,,,0,100,,272,18,,,0,100,,270,18,,,0,100,,268,18,,,0
301,'4832',912,,281,18,,,0,130,,282,18,,,0,100,,283,18,,,0,100,,284,18,,,0,270,,286,18,,,0,100,,287,18,,,0,100,,285,18,,,0
301,'4833',1001,,288,18,,,0,120,,289,18,,,0,118,,290,18,,,0,588,,291,18,,,0
