100,'4528',644,,41,14,,,0,70,,26,14,,,0,20,,25,14,,,0,20,,23,14,,,0,60,,24,14,,,0,30,,21,14,,,0,70,,17,14,,,0,30,,20,14,,,0,70,,28,14,,,0,30,,19,14,,,0,70,,15,14,,,0,30,,16,14,,,0,100,,18,14,,,0,100,,38,14,,,0,75,,37,14,,,0,25,,39,14,,,0,15,,44,14,,,0,55,,40,14,,,0,30,,36,14,,,0,70,,35,14,,,0,20,,34,14,,,0,20,,33,14,,,0,60,,30,14,,,0,30,,32,14,,,0,70,,42,14,,,0,30,,43,14,,,0,70,,29,14,,,0,100,,22,14,,,0,100,,31,14,,,0,100,,27,14,,,0
100,'4532',844,,1,14,,,0,100,,2,14,,,0,100,,4,14,,,0,100,,3,14,,,0,100,,5,14,,,0,100,,7,14,,,0,100,,6,14,,,0,100,,8,14,,,0,100,,9,14,,,0,100,,12,14,,,0,100,,13,14,,,0,100,,10,14,,,0,100,,14,14,,,0,100,,11,14,,,0
100,'4832',844,,45,14,,,0,100,,46,14,,,0,100,,48,14,,,0,100,,49,14,,,0,100,,50,14,,,0,100,,51,14,,,0,100,,52,14,,,0,100,,53,14,,,0,100,,54,14,,,0,100,,47,14,,,0
100,'4833',1119,,55,14,,,0,100,,56,14,,,0,108,,57,14,,,0,97,,58,14,,,0,420,,59,14,,,0,110,,60,14,,,0
101,'4528',724,,79,20,,,0,30,,76,20,,,0,60,,77,20,,,0,20,,78,20,,,0,20,,81,20,,,0,70,,80,20,,,0,30,,82,20,,,0,70,,83,20,,,0,30,,84,20,,,0,70,,86,20,,,0,30,,87,20,,,0,70,,85,20,,,0,100,,89,20,,,0,30,,105,20,,,0,70,,90,20,,,0,15,,103,20,,,0,15,,91,20,,,0,70,,88,20,,,0,5,,104,20,,,0,25,,92,20,,,0,70,,94,20,,,0,30,,95,20,,,0,60,,93,20,,,0,20,,96,20,,,0,20,,97,20,,,0,100,,102,20,,,0,70,,99,20,,,0,30,,98,20,,,0,100,,100,20,,,0,100,,101,20,,,0
101,'4532',824,,61,20,,,0,100,,62,20,,,0,100,,64,20,,,0,100,,63,20,,,0,100,,65,20,,,0,100,,67,20,,,0,100,,66,20,,,0,100,,68,20,,,0,100,,69,20,,,0,100,,70,20,,,0,100,,71,20,,,0,100,,72,20,,,0,100,,73,20,,,0,100,,74,20,,,0,100,,75,20,,,0
101,'4832',824,,106,20,,,0,100,,107,20,,,0,100,,108,20,,,0,100,,109,20,,,0,100,,110,20,,,0,100,,111,20,,,0,100,,112,20,,,0,100,,113,20,,,0,100,,115,20,,,0,100,,114,20,,,0
101,'4833',1049,,116,20,,,0,105,,117,20,,,0,105,,118,20,,,0,100,,119,20,,,0,455,,120,20,,,0,110,,121,20,,,0
700,'4528',729,,381,29,0,5 2 6,0,112,,380,29,0,5 2 6,0,160,,378,29,0,5 2 6,0,210,,379,29,0,5 2 6,0
700,'4532',948,,375,29,0,5 2 6,0,153,,376,29,0,5 2 6,0,110,,377,29,0,5 2 6,0
700,'4832',951,,382,29,0,5 2 6,0,150,,383,29,0,5 2 6,0,110,,384,29,0,5 2 6,0
700,'4833',1133,,385,29,0,5 2 6,0
701,'4528',1046,,398,18,0,5 2 6,0,266,,392,18,0,5 2 6,0,215,,393,18,0,5 2 6,0,113,,394,18,0,5 2 6,0,117,,395,18,0,5 2 6,0,100,,396,18,0,5 2 6,0,150,,397,18,0,5 2 6,0
701,'4532',1307,,386,18,0,5 2 6,0,220,,387,18,0,5 2 6,0,110,,388,18,0,5 2 6,0,110,,389,18,0,5 2 6,0,110,,390,18,0,5 2 6,0,150,,391,18,0,5 2 6,0
701,'4832',1307,,400,18,0,5 2 6,0,220,,401,18,0,5 2 6,0,113,,402,18,0,5 2 6,0,113,,399,18,0,5 2 6,0
701,'4833',1227,,403,18,0,5 2 6,0,110,,404,18,0,5 2 6,0,610,,405,18,0,5 2 6,0
800,'4528',1025,,408,1,,,0,510,,410,1,,,0,110,,409,1,,,0
800,'4532',1443,,407,1,,,0,202,,406,1,,,0
801,'4528',822,,413,49,4,,0,137,,414,49,4,,0
801,'4532',1048,,412,49,4,,0,372,,411,49,4,,0
1500,'4528',839,,420,4,4,,0,175,,419,4,4,,0,510,,418,4,4,,0,120,,421,4,4,,0
1500,'4532',1104,,417,4,4,,0,333,,415,4,4,,0,207,,416,4,4,,0
1501,'4528',825,,426,1,,,0,175,,427,1,,,0,510,,428,1,,,0,120,,425,1,,,0
1501,'4532',1050,,424,1,,,0,373,,422,1,,,0,207,,423,1,,,0
