100,'4532',900,,1,35,4,,0,203,,4,35,4,,0,100,,3,35,4,,0,100,,5,35,4,,0,97,,7,35,4,,0,103,,6,35,4,,0,100,,8,35,4,,0,100,,9,35,4,,0,100,,12,35,4,,0,100,,13,35,4,,0,100,,10,35,4,,0,97,,14,35,4,,0,103,,11,35,4,,0
100,'4831',703,,41,35,4,,0,30,,26,35,4,,0,20,,25,35,4,,0,60,,23,35,4,,0,20,,24,35,4,,0,70,,21,35,4,,0,30,,17,35,4,,0,70,,20,35,4,,0,30,,28,35,4,,0,100,,15,35,4,,0,70,,16,35,4,,0,100,,18,35,4,,0,100,,38,35,4,,0,35,,37,35,4,,0,65,,39,35,4,,0,12,,44,35,4,,0,18,,40,35,4,,0,70,,36,35,4,,0,30,,35,35,4,,0,20,,34,35,4,,0,80,,30,35,4,,0,170,,43,35,4,,0,30,,29,35,4,,0,100,,22,35,4,,0,100,,31,35,4,,0
100,'4832',903,,45,35,4,,0,200,,48,35,4,,0,100,,49,35,4,,0,100,,50,35,4,,0,100,,51,35,4,,0,100,,52,35,4,,0,200,,54,35,4,,0
100,'4833',1138,,55,35,4,,0,100,,56,35,4,,0,108,,57,35,4,,0
101,'4532',810,,61,1,,,0,100,,62,1,,,0,100,,64,1,,,0,100,,63,1,,,0,100,,65,1,,,0,100,,67,1,,,0,100,,66,1,,,0,100,,68,1,,,0,100,,69,1,,,0,100,,70,1,,,0,100,,71,1,,,0,100,,72,1,,,0,100,,73,1,,,0,100,,74,1,,,0,100,,75,1,,,0
101,'4831',710,,79,1,,,0,30,,76,1,,,0,60,,77,1,,,0,20,,78,1,,,0,20,,81,1,,,0,70,,80,1,,,0,30,,82,1,,,0,70,,83,1,,,0,30,,84,1,,,0,70,,86,1,,,0,30,,87,1,,,0,70,,85,1,,,0,100,,89,1,,,0,30,,105,1,,,0,70,,90,1,,,0,15,,103,1,,,0,15,,91,1,,,0,70,,88,1,,,0,5,,104,1,,,0,25,,92,1,,,0,70,,94,1,,,0,30,,95,1,,,0,60,,93,1,,,0,20,,96,1,,,0,20,,97,1,,,0,100,,102,1,,,0,70,,99,1,,,0,30,,98,1,,,0,100,,100,1,,,0,100,,101,1,,,0
101,'4832',810,,106,1,,,0,100,,107,1,,,0,100,,108,1,,,0,100,,109,1,,,0,100,,110,1,,,0,100,,111,1,,,0,100,,112,1,,,0,100,,113,1,,,0,100,,115,1,,,0,100,,114,1,,,0
101,'4833',1035,,116,1,,,0,105,,117,1,,,0,105,,118,1,,,0,100,,119,1,,,0,455,,120,1,,,0,110,,121,1,,,0
200,'4532',958,,124,35,4,,0,100,,123,35,4,,0,100,,125,35,4,,0,100,,126,35,4,,0,200,,129,35,4,,0,100,,133,35,4,,0,100,,134,35,4,,0,100,,128,35,4,,0,100,,130,35,4,,0,100,,132,35,4,,0
200,'4831',723,,135,35,4,,0,30,,136,35,4,,0,70,,137,35,4,,0,100,,139,35,4,,0,100,,141,35,4,,0,100,,142,35,4,,0,100,,143,35,4,,0,100,,140,35,4,,0,100,,144,35,4,,0,130,,146,35,4,,0,70,,148,35,4,,0,30,,149,35,4,,0,67,,150,35,4,,0,33,,147,35,4,,0,200,,152,35,4,,0,100,,153,35,4,,0,100,,154,35,4,,0
200,'4832',858,,155,35,4,,0,100,,156,35,4,,0,100,,157,35,4,,0,100,,158,35,4,,0,100,,159,35,4,,0,100,,160,35,4,,0,100,,161,35,4,,0,100,,162,35,4,,0,100,,163,35,4,,0
200,'4833',1138,,164,35,4,,0,100,,165,35,4,,0,105,,166,35,4,,0,560,,168,35,4,,0
201,'4532',800,,170,1,,,0,100,,171,1,,,0,100,,172,1,,,0,100,,173,1,,,0,100,,175,1,,,0,100,,174,1,,,0,100,,176,1,,,0,100,,182,1,,,0,100,,183,1,,,0,100,,177,1,,,0,100,,178,1,,,0,100,,179,1,,,0,100,,180,1,,,0,100,,181,1,,,0
201,'4831',655,,184,1,,,0,70,,186,1,,,0,30,,187,1,,,0,70,,185,1,,,0,100,,188,1,,,0,100,,189,1,,,0,100,,190,1,,,0,100,,191,1,,,0,100,,192,1,,,0,100,,193,1,,,0,30,,194,1,,,0,100,,195,1,,,0,70,,196,1,,,0,30,,197,1,,,0,100,,198,1,,,0,100,,199,1,,,0,100,,200,1,,,0,100,,201,1,,,0,100,,202,1,,,0
201,'4832',900,,203,1,,,0,100,,204,1,,,0,100,,205,1,,,0,100,,206,1,,,0,100,,207,1,,,0,100,,208,1,,,0,100,,210,1,,,0,100,,211,1,,,0,100,,209,1,,,0
201,'4833',1035,,212,1,,,0,105,,213,1,,,0,105,,214,1,,,0,103,,215,1,,,0,452,,216,1,,,0,110,,217,1,,,0
400,'4532',917,,292,23,4,,0,108,,302,23,4,,0,115,,294,23,4,,0,110,,295,23,4,,0,150,,293,23,4,,0,220,,299,23,4,,0,110,,297,23,4,,0,110,,296,23,4,,0,110,,298,23,4,,0,150,,300,23,4,,0,20,,301,23,4,,0
400,'4831',658,,304,23,4,,0,152,,307,23,4,,0,120,,308,23,4,,0,96,,315,23,4,,0,111,,311,23,4,,0,113,,310,23,4,,0,150,,309,23,4,,0,215,,312,23,4,,0,118,,305,23,4,,0,97,,303,23,4,,0,115,,306,23,4,,0,110,,313,23,4,,0,195,,314,23,4,,0
400,'4832',920,,316,23,4,,0,220,,318,23,4,,0,110,,319,23,4,,0,150,,320,23,4,,0,223,,321,23,4,,0,113,,317,23,4,,0
400,'4833',1102,,322,23,4,,0,108,,323,23,4,,0,110,,324,23,4,,0,105,,325,23,4,,0,505,,326,23,4,,0,105,,327,23,4,,0
700,'4532',917,,375,1,0,5 2 6,0,113,,376,1,0,5 2 6,0,110,,377,1,0,5 2 6,0
700,'4831',658,,381,1,0,5 2 6,0,152,,380,1,0,5 2 6,0,120,,378,1,0,5 2 6,0,210,,379,1,0,5 2 6,0
700,'4832',920,,382,1,0,5 2 6,0,85,,382,47,4,,0,25,,383,1,0,5 2 6,0,110,,384,1,0,5 2 6,0
700,'4833',1102,,385,1,0,5 2 6,0
701,'4532',1250,,386,1,0,5 2 6,0,260,,387,1,0,5 2 6,0,110,,388,1,0,5 2 6,0,110,,389,1,0,5 2 6,0,110,,390,1,0,5 2 6,0,110,,391,1,0,5 2 6,0
701,'4831',1029,,398,1,0,5 2 6,0,226,,392,1,0,5 2 6,0,255,,393,1,0,5 2 6,0,113,,394,1,0,5 2 6,0,117,,395,1,0,5 2 6,0,100,,396,1,0,5 2 6,0,110,,397,1,0,5 2 6,0
701,'4832',1250,,400,1,0,5 2 6,0,260,,401,1,0,5 2 6,0,113,,402,1,0,5 2 6,0,113,,399,1,0,5 2 6,0
701,'4833',1210,,403,1,0,5 2 6,0,110,,404,1,0,5 2 6,0,610,,405,1,0,5 2 6,0
800,'4532',1526,,407,48,4,,0,202,,406,48,4,,0
800,'4831',1108,,408,48,4,,0,510,,410,48,4,,0,110,,409,48,4,,0
