100,'4532',857,,1,32,,,0,101,,2,32,,,0,100,,4,32,,,0,100,,3,32,,,0,100,,5,32,,,0,99,,7,32,,,0,101,,6,32,,,0,100,,8,32,,,0,100,,9,32,,,0,100,,12,32,,,0,100,,13,32,,,0,100,,10,32,,,0,99,,14,32,,,0,101,,11,32,,,0
100,'4831',658,,41,32,,,0,70,,26,32,,,0,20,,25,32,,,0,60,,23,32,,,0,20,,24,32,,,0,30,,21,32,,,0,70,,17,32,,,0,30,,20,32,,,0,70,,28,32,,,0,30,,19,32,,,0,70,,15,32,,,0,30,,16,32,,,0,100,,18,32,,,0,100,,38,32,,,0,75,,37,32,,,0,25,,39,32,,,0,54,,44,32,,,0,16,,40,32,,,0,30,,36,32,,,0,70,,35,32,,,0,20,,34,32,,,0,60,,33,32,,,0,20,,30,32,,,0,30,,32,32,,,0,70,,42,32,,,0,30,,43,32,,,0,70,,29,32,,,0,100,,22,32,,,0,100,,31,32,,,0,100,,27,32,,,0
100,'4832',858,,45,32,,,0,100,,46,32,,,0,100,,48,32,,,0,100,,49,32,,,0,100,,50,32,,,0,100,,51,32,,,0,100,,52,32,,,0,100,,53,32,,,0,100,,54,32,,,0,100,,47,32,,,0
100,'4833',1133,,55,32,,,0,100,,56,32,,,0,108,,57,32,,,0,97,,58,32,,,0,420,,59,32,,,0,150,,60,32,,,0
200,'4532',853,,122,32,,,0,101,,124,32,,,0,100,,123,32,,,0,100,,125,32,,,0,100,,126,32,,,0,99,,127,32,,,0,101,,129,32,,,0,100,,133,32,,,0,100,,134,32,,,0,100,,128,32,,,0,100,,130,32,,,0,100,,132,32,,,0,99,,131,32,,,0
200,'4831',719,,135,32,,,0,30,,136,32,,,0,70,,137,32,,,0,29,,138,32,,,0,71,,139,32,,,0,100,,141,32,,,0,100,,142,32,,,0,100,,143,32,,,0,100,,140,32,,,0,100,,144,32,,,0,99,,145,32,,,0,31,,146,32,,,0,70,,148,32,,,0,30,,149,32,,,0,68,,150,32,,,0,32,,147,32,,,0,99,,151,32,,,0,101,,152,32,,,0,100,,153,32,,,0,100,,154,32,,,0
200,'4832',854,,155,32,,,0,100,,156,32,,,0,100,,157,32,,,0,100,,158,32,,,0,100,,159,32,,,0,100,,160,32,,,0,100,,161,32,,,0,100,,162,32,,,0,100,,163,32,,,0
200,'4833',1134,,164,32,,,0,100,,165,32,,,0,105,,166,32,,,0,102,,167,32,,,0,418,,168,32,,,0,149,,169,32,,,0
700,'4532',1001,,375,44,0,5 2 6,0,113,,376,44,0,5 2 6,0,110,,377,44,0,5 2 6,0
700,'4831',742,,381,44,0,5 2 6,0,112,,380,44,0,5 2 6,0,160,,378,44,0,5 2 6,0,210,,379,44,0,5 2 6,0
700,'4832',1002,,382,44,0,5 2 6,0,112,,383,44,0,5 2 6,0,110,,384,44,0,5 2 6,0
700,'4833',1146,,385,44,0,5 2 6,0
701,'4532',1334,,386,49,0,5 2 6,0,220,,387,49,0,5 2 6,0,150,,388,49,0,5 2 6,0,110,,389,49,0,5 2 6,0,110,,390,49,0,5 2 6,0,110,,391,49,0,5 2 6,0
701,'4831',1113,,398,49,0,5 2 6,0,226,,392,49,0,5 2 6,0,215,,393,49,0,5 2 6,0,153,,394,49,0,5 2 6,0,117,,395,49,0,5 2 6,0,100,,396,49,0,5 2 6,0,110,,397,49,0,5 2 6,0
701,'4832',1334,,400,49,0,5 2 6,0,220,,401,49,0,5 2 6,0,153,,402,49,0,5 2 6,0,113,,399,49,0,5 2 6,0
701,'4833',1254,,403,49,0,5 2 6,0,150,,404,49,0,5 2 6,0,610,,405,49,0,5 2 6,0
