100,'4528',700,,41,34,,,0,30,,26,34,,,0,20,,25,34,,,0,60,,23,34,,,0,20,,24,34,,,0,70,,21,34,,,0,30,,17,34,,,0,70,,20,34,,,0,30,,28,34,,,0,70,,19,34,,,0,30,,15,34,,,0,70,,16,34,,,0,100,,18,34,,,0,100,,38,34,,,0,35,,37,34,,,0,65,,39,34,,,0,13,,44,34,,,0,17,,40,34,,,0,70,,36,34,,,0,30,,35,34,,,0,20,,34,34,,,0,60,,33,34,,,0,20,,30,34,,,0,70,,32,34,,,0,30,,42,34,,,0,70,,43,34,,,0,30,,29,34,,,0,100,,22,34,,,0,100,,31,34,,,0,100,,27,34,,,0
100,'4532',858,,1,34,,,0,142,,2,34,,,0,100,,4,34,,,0,100,,3,34,,,0,100,,5,34,,,0,58,,7,34,,,0,142,,6,34,,,0,100,,8,34,,,0,100,,9,34,,,0,100,,12,34,,,0,100,,13,34,,,0,100,,10,34,,,0,58,,14,34,,,0,142,,11,34,,,0
100,'4832',900,,45,34,,,0,100,,46,34,,,0,100,,48,34,,,0,100,,49,34,,,0,100,,50,34,,,0,100,,51,34,,,0,100,,52,34,,,0,100,,53,34,,,0,100,,54,34,,,0,100,,47,34,,,0
100,'4833',1135,,55,34,,,0,100,,56,34,,,0,108,,57,34,,,0,97,,58,34,,,0,460,,59,34,,,0,110,,60,34,,,0
200,'4528',720,,135,34,,,0,30,,136,34,,,0,70,,137,34,,,0,30,,138,34,,,0,70,,139,34,,,0,100,,141,34,,,0,100,,142,34,,,0,100,,143,34,,,0,100,,140,34,,,0,100,,144,34,,,0,100,,145,34,,,0,30,,146,34,,,0,70,,148,34,,,0,30,,149,34,,,0,68,,150,34,,,0,32,,147,34,,,0,100,,151,34,,,0,100,,152,34,,,0,100,,153,34,,,0,100,,154,34,,,0
200,'4532',855,,122,34,,,0,100,,124,34,,,0,100,,123,34,,,0,100,,125,34,,,0,100,,126,34,,,0,100,,127,34,,,0,100,,129,34,,,0,100,,133,34,,,0,100,,134,34,,,0,100,,128,34,,,0,100,,130,34,,,0,100,,132,34,,,0,100,,131,34,,,0
200,'4832',855,,155,34,,,0,100,,156,34,,,0,100,,157,34,,,0,100,,158,34,,,0,100,,159,34,,,0,100,,160,34,,,0,100,,161,34,,,0,100,,162,34,,,0,100,,163,34,,,0
200,'4833',1135,,164,34,,,0,100,,165,34,,,0,105,,166,34,,,0,103,,167,34,,,0,457,,168,34,,,0,110,,169,34,,,0
700,'4528',743,,381,46,0,5 2 6,0,112,,380,46,0,5 2 6,0,160,,378,46,0,5 2 6,0,210,,379,46,0,5 2 6,0
700,'4532',1002,,375,46,0,5 2 6,0,113,,376,46,0,5 2 6,0,110,,377,46,0,5 2 6,0
700,'4832',1003,,382,46,0,5 2 6,0,112,,383,46,0,5 2 6,0,110,,384,46,0,5 2 6,0
700,'4833',1147,,385,46,0,5 2 6,0
701,'4528',1114,,398,51,0,5 2 6,0,226,,392,51,0,5 2 6,0,215,,393,51,0,5 2 6,0,153,,394,51,0,5 2 6,0,117,,395,51,0,5 2 6,0,100,,396,51,0,5 2 6,0,110,,397,51,0,5 2 6,0
701,'4532',1335,,386,51,0,5 2 6,0,220,,387,51,0,5 2 6,0,150,,388,51,0,5 2 6,0,110,,389,51,0,5 2 6,0,110,,390,51,0,5 2 6,0,110,,391,51,0,5 2 6,0
701,'4832',1335,,400,51,0,5 2 6,0,220,,401,51,0,5 2 6,0,153,,402,51,0,5 2 6,0,113,,399,51,0,5 2 6,0
701,'4833',1255,,403,51,0,5 2 6,0,150,,404,51,0,5 2 6,0,610,,405,51,0,5 2 6,0
