200,'4532',847,,122,25,,,0,100,,124,25,,,0,100,,123,25,,,0,100,,125,25,,,0,100,,126,25,,,0,100,,127,25,,,0,100,,129,25,,,0,100,,133,25,,,0,100,,134,25,,,0,100,,128,25,,,0,100,,130,25,,,0,100,,132,25,,,0,100,,131,25,,,0
200,'4831',712,,135,25,,,0,30,,136,25,,,0,70,,137,25,,,0,30,,138,25,,,0,70,,139,25,,,0,100,,141,25,,,0,100,,142,25,,,0,100,,143,25,,,0,100,,140,25,,,0,100,,144,25,,,0,100,,145,25,,,0,30,,146,25,,,0,70,,148,25,,,0,30,,149,25,,,0,70,,150,25,,,0,30,,147,25,,,0,100,,151,25,,,0,100,,152,25,,,0,100,,153,25,,,0,100,,154,25,,,0
200,'4832',847,,155,25,,,0,100,,156,25,,,0,100,,157,25,,,0,100,,158,25,,,0,100,,159,25,,,0,100,,160,25,,,0,100,,161,25,,,0,100,,162,25,,,0,100,,163,25,,,0
200,'4833',1127,,164,25,,,0,100,,165,25,,,0,105,,166,25,,,0,103,,167,25,,,0,417,,168,25,,,0,150,,169,25,,,0
300,'4532',845,,218,21,,,0,170,,219,21,,,0,100,,220,21,,,0,100,,221,21,,,0,100,,222,21,,,0,130,,223,21,,,0,100,,224,21,,,0,100,,225,21,,,0,100,,226,21,,,0,100,,227,21,,,0,100,,228,21,,,0,100,,229,21,,,0
300,'4831',745,,238,21,,,0,100,,237,21,,,0,170,,240,21,,,0,100,,241,21,,,0,100,,239,21,,,0,100,,242,21,,,0,130,,236,21,,,0,100,,235,21,,,0,100,,234,21,,,0,100,,233,21,,,0,100,,232,21,,,0,100,,230,21,,,0,100,,231,21,,,0
300,'4832',845,,243,21,,,0,170,,244,21,,,0,100,,245,21,,,0,100,,246,21,,,0,230,,247,21,,,0,100,,248,21,,,0,100,,249,21,,,0
300,'4833',1054,,250,21,,,0,158,,251,21,,,0,118,,252,21,,,0,588,,253,21,,,0
800,'4532',1506,,407,28,,,0,202,,406,28,,,0
800,'4831',1048,,408,28,,,0,510,,410,28,,,0,150,,409,28,,,0
