100,'4528',1100,,19,35,4,,0,610,,33,35,4,,0,90,,32,35,4,,0,30,,42,35,4,,0,400,,27,35,4,,0
100,'4532',1000,,2,35,4,,0
100,'4832',1000,,46,35,4,,0,600,,53,35,4,,0,200,,47,35,4,,0
100,'4833',1440,,58,35,4,,0,460,,59,35,4,,0,110,,60,35,4,,0
200,'4528',850,,138,35,4,,0,670,,145,35,4,,0,330,,151,35,4,,0
200,'4532',855,,122,35,4,,0,500,,127,35,4,,0,700,,131,35,4,,0
200,'4833',1443,,167,35,4,,0,567,,169,35,4,,0
400,'4528',638,,304,1,,,0,112,,307,1,,,0,160,,308,1,,,0,96,,315,1,,,0,111,,311,1,,,0,113,,310,1,,,0,110,,309,1,,,0,215,,312,1,,,0,158,,305,1,,,0,97,,303,1,,,0,115,,306,1,,,0,110,,313,1,,,0,195,,314,1,,,0
400,'4532',857,,292,1,,,0,148,,302,1,,,0,115,,294,1,,,0,110,,295,1,,,0,110,,293,1,,,0,260,,299,1,,,0,110,,297,1,,,0,110,,296,1,,,0,110,,298,1,,,0,110,,300,1,,,0,60,,301,1,,,0
400,'4832',900,,316,1,,,0,220,,318,1,,,0,110,,319,1,,,0,110,,320,1,,,0,263,,321,1,,,0,113,,317,1,,,0
400,'4833',1042,,322,1,,,0,108,,323,1,,,0,150,,324,1,,,0,105,,325,1,,,0,505,,326,1,,,0,105,,327,1,,,0
700,'4528',743,,381,47,4,,0,112,,380,47,4,,0,160,,378,47,4,,0,210,,379,47,4,,0
700,'4532',1002,,375,47,4,,0,113,,376,47,4,,0,110,,377,47,4,,0
700,'4832',1115,,383,47,4,,0,110,,384,47,4,,0
700,'4833',1147,,385,47,4,,0
701,'4528',1114,,398,52,4,,0,226,,392,52,4,,0,215,,393,52,4,,0,153,,394,52,4,,0,117,,395,52,4,,0,100,,396,52,4,,0,110,,397,52,4,,0
701,'4532',1335,,386,52,4,,0,220,,387,52,4,,0,150,,388,52,4,,0,110,,389,52,4,,0,110,,390,52,4,,0,110,,391,52,4,,0
701,'4832',1335,,400,52,4,,0,220,,401,52,4,,0,153,,402,52,4,,0,113,,399,52,4,,0
701,'4833',1255,,403,52,4,,0,150,,404,52,4,,0,610,,405,52,4,,0
801,'4528',739,,413,1,,,0,177,,414,1,,,0
801,'4532',1005,,412,1,,,0,332,,411,1,,,0
