100,'4528',635,,41,1,,,0,70,,26,1,,,0,20,,25,1,,,0,20,,23,1,,,0,60,,24,1,,,0,30,,21,1,,,0,70,,17,1,,,0,30,,20,1,,,0,70,,28,1,,,0,30,,19,1,,,0,70,,15,1,,,0,30,,16,1,,,0,100,,18,1,,,0,100,,38,1,,,0,75,,37,1,,,0,25,,39,1,,,0,15,,44,1,,,0,55,,40,1,,,0,30,,36,1,,,0,70,,35,1,,,0,20,,34,1,,,0,20,,33,1,,,0,60,,30,1,,,0,30,,32,1,,,0,70,,42,1,,,0,30,,43,1,,,0,70,,29,1,,,0,100,,22,1,,,0,100,,31,1,,,0,100,,27,1,,,0
100,'4532',835,,1,1,,,0,100,,2,1,,,0,100,,4,1,,,0,100,,3,1,,,0,100,,5,1,,,0,100,,7,1,,,0,100,,6,1,,,0,100,,8,1,,,0,100,,9,1,,,0,100,,12,1,,,0,100,,13,1,,,0,100,,10,1,,,0,100,,14,1,,,0,100,,11,1,,,0
100,'4832',835,,45,1,,,0,100,,46,1,,,0,100,,48,1,,,0,100,,49,1,,,0,100,,50,1,,,0,100,,51,1,,,0,100,,52,1,,,0,100,,53,1,,,0,100,,54,1,,,0,100,,47,1,,,0
100,'4833',1110,,55,1,,,0,100,,56,1,,,0,108,,57,1,,,0,97,,58,1,,,0,420,,59,1,,,0,110,,60,1,,,0
101,'4528',732,,79,32,4,,0,70,,76,32,4,,0,20,,77,32,4,,0,20,,78,32,4,,0,60,,81,32,4,,0,30,,80,32,4,,0,70,,82,32,4,,0,30,,83,32,4,,0,70,,84,32,4,,0,30,,86,32,4,,0,70,,87,32,4,,0,30,,85,32,4,,0,100,,89,32,4,,0,70,,105,32,4,,0,30,,90,32,4,,0,15,,103,32,4,,0,55,,91,32,4,,0,30,,88,32,4,,0,5,,104,32,4,,0,65,,92,32,4,,0,30,,94,32,4,,0,70,,95,32,4,,0,20,,93,32,4,,0,20,,96,32,4,,0,60,,97,32,4,,0,100,,102,32,4,,0,30,,99,32,4,,0,70,,98,32,4,,0,100,,100,32,4,,0,100,,101,32,4,,0
101,'4532',832,,61,32,4,,0,100,,62,32,4,,0,100,,64,32,4,,0,100,,63,32,4,,0,100,,65,32,4,,0,100,,67,32,4,,0,100,,66,32,4,,0,100,,68,32,4,,0,100,,69,32,4,,0,100,,70,32,4,,0,100,,71,32,4,,0,100,,72,32,4,,0,100,,73,32,4,,0,100,,74,32,4,,0,100,,75,32,4,,0
101,'4832',832,,106,32,4,,0,100,,107,32,4,,0,100,,108,32,4,,0,100,,109,32,4,,0,100,,110,32,4,,0,100,,111,32,4,,0,100,,112,32,4,,0,100,,113,32,4,,0,100,,115,32,4,,0,100,,114,32,4,,0
101,'4833',1057,,116,32,4,,0,145,,117,32,4,,0,105,,118,32,4,,0,100,,119,32,4,,0,415,,120,32,4,,0,110,,121,32,4,,0
200,'4528',655,,135,1,,,0,70,,136,1,,,0,30,,137,1,,,0,70,,138,1,,,0,30,,139,1,,,0,100,,141,1,,,0,100,,142,1,,,0,100,,143,1,,,0,100,,140,1,,,0,100,,144,1,,,0,100,,145,1,,,0,70,,146,1,,,0,30,,148,1,,,0,70,,149,1,,,0,30,,150,1,,,0,70,,147,1,,,0,100,,151,1,,,0,100,,152,1,,,0,100,,153,1,,,0,100,,154,1,,,0
200,'4532',830,,122,1,,,0,100,,124,1,,,0,100,,123,1,,,0,100,,125,1,,,0,100,,126,1,,,0,100,,127,1,,,0,100,,129,1,,,0,100,,133,1,,,0,100,,134,1,,,0,100,,128,1,,,0,100,,130,1,,,0,100,,132,1,,,0,100,,131,1,,,0
200,'4832',830,,155,1,,,0,100,,156,1,,,0,100,,157,1,,,0,100,,158,1,,,0,100,,159,1,,,0,100,,160,1,,,0,100,,161,1,,,0,100,,162,1,,,0,100,,163,1,,,0
200,'4833',1110,,164,1,,,0,100,,165,1,,,0,105,,166,1,,,0,103,,167,1,,,0,417,,168,1,,,0,110,,169,1,,,0
201,'4528',717,,184,37,4,,0,30,,186,37,4,,0,70,,187,37,4,,0,30,,185,37,4,,0,100,,188,37,4,,0,100,,189,37,4,,0,200,,191,37,4,,0,100,,192,37,4,,0,100,,193,37,4,,0,70,,194,37,4,,0,100,,195,37,4,,0,30,,196,37,4,,0,70,,197,37,4,,0,100,,198,37,4,,0,100,,199,37,4,,0,100,,200,37,4,,0,100,,201,37,4,,0,100,,202,37,4,,0
201,'4532',822,,170,37,4,,0,100,,171,37,4,,0,100,,172,37,4,,0,100,,173,37,4,,0,100,,175,37,4,,0,100,,174,37,4,,0,100,,176,37,4,,0,100,,182,37,4,,0,100,,183,37,4,,0,100,,177,37,4,,0,100,,178,37,4,,0,100,,179,37,4,,0,100,,180,37,4,,0
201,'4832',922,,203,37,4,,0,100,,204,37,4,,0,100,,205,37,4,,0,100,,206,37,4,,0,100,,207,37,4,,0,100,,208,37,4,,0,100,,210,37,4,,0,100,,211,37,4,,0
201,'4833',1057,,212,37,4,,0,145,,213,37,4,,0,105,,214,37,4,,0,103,,215,37,4,,0,522,,217,37,4,,0
300,'4528',730,,238,1,,,0,100,,237,1,,,0,170,,240,1,,,0,100,,241,1,,,0,100,,239,1,,,0,100,,242,1,,,0,130,,236,1,,,0,100,,235,1,,,0,100,,234,1,,,0,100,,233,1,,,0,100,,232,1,,,0,100,,230,1,,,0,100,,231,1,,,0
300,'4532',830,,218,1,,,0,170,,219,1,,,0,100,,220,1,,,0,100,,221,1,,,0,100,,222,1,,,0,130,,223,1,,,0,100,,224,1,,,0,100,,225,1,,,0,100,,226,1,,,0,100,,227,1,,,0,100,,228,1,,,0,100,,229,1,,,0
300,'4832',830,,243,1,,,0,170,,244,1,,,0,100,,245,1,,,0,100,,246,1,,,0,230,,247,1,,,0,100,,248,1,,,0,100,,249,1,,,0
300,'4833',1039,,250,1,,,0,118,,251,1,,,0,158,,252,1,,,0,588,,253,1,,,0
301,'4528',713,,266,20,4,,0,100,,267,20,4,,0,230,,278,20,4,,0,100,,277,20,4,,0,100,,276,20,4,,0,270,,274,20,4,,0,100,,271,20,4,,0,100,,273,20,4,,0,100,,269,20,4,,0,100,,272,20,4,,0,100,,270,20,4,,0
301,'4532',813,,255,20,4,,0,230,,256,20,4,,0,200,,258,20,4,,0,270,,260,20,4,,0,100,,261,20,4,,0,100,,262,20,4,,0,100,,263,20,4,,0,100,,264,20,4,,0,100,,265,20,4,,0
301,'4832',913,,281,20,4,,0,130,,282,20,4,,0,100,,283,20,4,,0,100,,284,20,4,,0,270,,286,20,4,,0,100,,287,20,4,,0,100,,285,20,4,,0
301,'4833',1828,,291,20,4,,0
600,'4528',701,,333,16,4,,0,45,,341,16,4,,0,84,,334,16,4,,0,129,,338,16,4,,0,272,,335,16,4,,0,198,,339,16,4,,0,187,,342,16,4,,0,114,,336,16,4,,0,101,,337,16,4,,0,179,,343,16,4,,0,196,,340,16,4,,0
600,'4532',1000,,328,16,4,,0,230,,331,16,4,,0,200,,329,16,4,,0,400,,332,16,4,,0,372,,330,16,4,,0
600,'4832',1000,,344,16,4,,0,230,,345,16,4,,0,200,,347,16,4,,0,375,,346,16,4,,0
600,'4833',1037,,349,16,4,,0,118,,348,16,4,,0,160,,350,16,4,,0,588,,351,16,4,,0
