101,'4532',820,,61,17,,,0,100,,62,17,,,0,100,,64,17,,,0,100,,63,17,,,0,100,,65,17,,,0,100,,67,17,,,0,100,,66,17,,,0,100,,68,17,,,0,100,,69,17,,,0,100,,70,17,,,0,100,,71,17,,,0,100,,72,17,,,0,100,,73,17,,,0,100,,74,17,,,0,100,,75,17,,,0
101,'4831',720,,79,17,,,0,30,,76,17,,,0,60,,77,17,,,0,20,,78,17,,,0,20,,81,17,,,0,70,,80,17,,,0,30,,82,17,,,0,70,,83,17,,,0,30,,84,17,,,0,70,,86,17,,,0,30,,87,17,,,0,70,,85,17,,,0,100,,89,17,,,0,30,,105,17,,,0,70,,90,17,,,0,15,,103,17,,,0,15,,91,17,,,0,70,,88,17,,,0,5,,104,17,,,0,25,,92,17,,,0,70,,94,17,,,0,30,,95,17,,,0,60,,93,17,,,0,20,,96,17,,,0,20,,97,17,,,0,100,,102,17,,,0,70,,99,17,,,0,30,,98,17,,,0,100,,100,17,,,0,100,,101,17,,,0
101,'4832',820,,106,17,,,0,100,,107,17,,,0,100,,108,17,,,0,100,,109,17,,,0,100,,110,17,,,0,100,,111,17,,,0,100,,112,17,,,0,100,,113,17,,,0,100,,115,17,,,0,100,,114,17,,,0
101,'4833',1045,,116,17,,,0,105,,117,17,,,0,105,,118,17,,,0,100,,119,17,,,0,455,,120,17,,,0,110,,121,17,,,0
700,'4532',938,,375,22,0,5 2 6,0,113,,376,22,0,5 2 6,0,150,,377,22,0,5 2 6,0
700,'4831',719,,381,22,0,5 2 6,0,112,,380,22,0,5 2 6,0,120,,378,22,0,5 2 6,0,250,,379,22,0,5 2 6,0
700,'4832',941,,382,22,0,5 2 6,0,110,,383,22,0,5 2 6,0,150,,384,22,0,5 2 6,0
700,'4833',1123,,385,22,0,5 2 6,0
701,'4532',1301,,386,16,0,5 2 6,0,220,,387,16,0,5 2 6,0,110,,388,16,0,5 2 6,0,110,,389,16,0,5 2 6,0,110,,390,16,0,5 2 6,0,150,,391,16,0,5 2 6,0
701,'4831',1040,,398,16,0,5 2 6,0,266,,392,16,0,5 2 6,0,215,,393,16,0,5 2 6,0,113,,394,16,0,5 2 6,0,117,,395,16,0,5 2 6,0,100,,396,16,0,5 2 6,0,150,,397,16,0,5 2 6,0
701,'4832',1301,,400,16,0,5 2 6,0,220,,401,16,0,5 2 6,0,113,,402,16,0,5 2 6,0,113,,399,16,0,5 2 6,0
701,'4833',1221,,403,16,0,5 2 6,0,110,,404,16,0,5 2 6,0,610,,405,16,0,5 2 6,0
