101,'4532',811,,61,2,,,0,100,,62,2,,,0,100,,64,2,,,0,100,,63,2,,,0,100,,65,2,,,0,100,,67,2,,,0,100,,66,2,,,0,100,,68,2,,,0,100,,69,2,,,0,100,,70,2,,,0,100,,71,2,,,0,100,,72,2,,,0,100,,73,2,,,0,100,,74,2,,,0,100,,75,2,,,0
101,'4831',711,,79,2,,,0,30,,76,2,,,0,60,,77,2,,,0,20,,78,2,,,0,20,,81,2,,,0,70,,80,2,,,0,30,,82,2,,,0,70,,83,2,,,0,30,,84,2,,,0,70,,86,2,,,0,30,,87,2,,,0,70,,85,2,,,0,100,,89,2,,,0,30,,105,2,,,0,70,,90,2,,,0,15,,103,2,,,0,15,,91,2,,,0,70,,88,2,,,0,5,,104,2,,,0,25,,92,2,,,0,70,,94,2,,,0,30,,95,2,,,0,60,,93,2,,,0,20,,96,2,,,0,20,,97,2,,,0,100,,102,2,,,0,70,,99,2,,,0,30,,98,2,,,0,100,,100,2,,,0,100,,101,2,,,0
101,'4832',811,,106,2,,,0,100,,107,2,,,0,100,,108,2,,,0,100,,109,2,,,0,100,,110,2,,,0,100,,111,2,,,0,100,,112,2,,,0,100,,113,2,,,0,100,,115,2,,,0,100,,114,2,,,0
101,'4833',1036,,116,2,,,0,105,,117,2,,,0,105,,118,2,,,0,100,,119,2,,,0,455,,120,2,,,0,110,,121,2,,,0
201,'4532',801,,170,2,,,0,100,,171,2,,,0,100,,172,2,,,0,100,,173,2,,,0,100,,175,2,,,0,100,,174,2,,,0,100,,176,2,,,0,100,,182,2,,,0,100,,183,2,,,0,100,,177,2,,,0,100,,178,2,,,0,100,,179,2,,,0,100,,180,2,,,0,100,,181,2,,,0
201,'4831',656,,184,2,,,0,70,,186,2,,,0,30,,187,2,,,0,70,,185,2,,,0,100,,188,2,,,0,100,,189,2,,,0,100,,190,2,,,0,100,,191,2,,,0,100,,192,2,,,0,100,,193,2,,,0,30,,194,2,,,0,100,,195,2,,,0,70,,196,2,,,0,30,,197,2,,,0,100,,198,2,,,0,100,,199,2,,,0,100,,200,2,,,0,100,,201,2,,,0,100,,202,2,,,0
201,'4832',901,,203,2,,,0,100,,204,2,,,0,100,,205,2,,,0,100,,206,2,,,0,100,,207,2,,,0,100,,208,2,,,0,100,,210,2,,,0,100,,211,2,,,0,100,,209,2,,,0
201,'4833',1036,,212,2,,,0,105,,213,2,,,0,105,,214,2,,,0,103,,215,2,,,0,452,,216,2,,,0,110,,217,2,,,0
700,'4532',918,,375,2,0,5 2 6,0,113,,376,2,0,5 2 6,0,110,,377,2,0,5 2 6,0
700,'4831',659,,381,2,0,5 2 6,0,152,,380,2,0,5 2 6,0,120,,378,2,0,5 2 6,0,210,,379,2,0,5 2 6,0
700,'4832',921,,382,2,0,5 2 6,0,110,,383,2,0,5 2 6,0,110,,384,2,0,5 2 6,0
700,'4833',1103,,385,2,0,5 2 6,0
701,'4532',1250,,386,2,0,5 2 6,0,260,,387,2,0,5 2 6,0,110,,388,2,0,5 2 6,0,110,,389,2,0,5 2 6,0,110,,390,2,0,5 2 6,0,110,,391,2,0,5 2 6,0
701,'4831',1029,,398,2,0,5 2 6,0,226,,392,2,0,5 2 6,0,255,,393,2,0,5 2 6,0,113,,394,2,0,5 2 6,0,117,,395,2,0,5 2 6,0,100,,396,2,0,5 2 6,0,110,,397,2,0,5 2 6,0
701,'4832',1250,,400,2,0,5 2 6,0,260,,401,2,0,5 2 6,0,113,,402,2,0,5 2 6,0,113,,399,2,0,5 2 6,0
701,'4833',1210,,403,2,0,5 2 6,0,110,,404,2,0,5 2 6,0,610,,405,2,0,5 2 6,0
