201,'4532',805,,170,8,,,0,100,,171,8,,,0,100,,172,8,,,0,100,,173,8,,,0,100,,175,8,,,0,100,,174,8,,,0,100,,176,8,,,0,100,,182,8,,,0,100,,183,8,,,0,100,,177,8,,,0,100,,178,8,,,0,100,,179,8,,,0,100,,180,8,,,0,100,,181,8,,,0
201,'4831',700,,184,8,,,0,30,,186,8,,,0,70,,187,8,,,0,30,,185,8,,,0,100,,188,8,,,0,100,,189,8,,,0,100,,190,8,,,0,100,,191,8,,,0,100,,192,8,,,0,100,,193,8,,,0,70,,194,8,,,0,100,,195,8,,,0,30,,196,8,,,0,70,,197,8,,,0,100,,198,8,,,0,100,,199,8,,,0,100,,200,8,,,0,100,,201,8,,,0,100,,202,8,,,0
201,'4832',905,,203,8,,,0,100,,204,8,,,0,100,,205,8,,,0,100,,206,8,,,0,100,,207,8,,,0,100,,208,8,,,0,100,,210,8,,,0,100,,211,8,,,0,100,,209,8,,,0
201,'4833',1040,,212,8,,,0,105,,213,8,,,0,105,,214,8,,,0,103,,215,8,,,0,452,,216,8,,,0,110,,217,8,,,0
300,'4532',856,,218,26,,,0,170,,219,26,,,0,100,,220,26,,,0,100,,221,26,,,0,100,,222,26,,,0,130,,223,26,,,0,100,,224,26,,,0,100,,225,26,,,0,100,,226,26,,,0,100,,227,26,,,0,100,,228,26,,,0,100,,229,26,,,0
300,'4831',756,,238,26,,,0,100,,237,26,,,0,170,,240,26,,,0,100,,241,26,,,0,100,,239,26,,,0,100,,242,26,,,0,130,,236,26,,,0,100,,235,26,,,0,100,,234,26,,,0,100,,233,26,,,0,100,,232,26,,,0,100,,230,26,,,0,100,,231,26,,,0
300,'4832',856,,243,26,,,0,170,,244,26,,,0,100,,245,26,,,0,100,,246,26,,,0,230,,247,26,,,0,100,,248,26,,,0,100,,249,26,,,0
300,'4833',1105,,250,26,,,0,118,,251,26,,,0,118,,252,26,,,0,588,,253,26,,,0
801,'4532',1025,,412,19,,,0,332,,411,19,,,0
801,'4831',759,,413,19,,,0,177,,414,19,,,0
