100,'4532',853,,1,27,,,0,100,,2,27,,,0,100,,4,27,,,0,100,,3,27,,,0,100,,5,27,,,0,100,,7,27,,,0,100,,6,27,,,0,100,,8,27,,,0,100,,9,27,,,0,100,,12,27,,,0,100,,13,27,,,0,100,,10,27,,,0,100,,14,27,,,0,100,,11,27,,,0
100,'4831',653,,41,27,,,0,70,,26,27,,,0,20,,25,27,,,0,60,,23,27,,,0,20,,24,27,,,0,30,,21,27,,,0,70,,17,27,,,0,30,,20,27,,,0,70,,28,27,,,0,30,,19,27,,,0,70,,15,27,,,0,30,,16,27,,,0,100,,18,27,,,0,100,,38,27,,,0,75,,37,27,,,0,25,,39,27,,,0,55,,44,27,,,0,15,,40,27,,,0,30,,36,27,,,0,70,,35,27,,,0,20,,34,27,,,0,60,,33,27,,,0,20,,30,27,,,0,30,,32,27,,,0,70,,42,27,,,0,30,,43,27,,,0,70,,29,27,,,0,100,,22,27,,,0,100,,31,27,,,0,100,,27,27,,,0
100,'4832',853,,45,27,,,0,100,,46,27,,,0,100,,48,27,,,0,100,,49,27,,,0,100,,50,27,,,0,100,,51,27,,,0,100,,52,27,,,0,100,,53,27,,,0,100,,54,27,,,0,100,,47,27,,,0
100,'4833',1128,,55,27,,,0,100,,56,27,,,0,108,,57,27,,,0,97,,58,27,,,0,420,,59,27,,,0,150,,60,27,,,0
200,'4532',849,,122,27,,,0,100,,124,27,,,0,100,,123,27,,,0,100,,125,27,,,0,100,,126,27,,,0,100,,127,27,,,0,100,,129,27,,,0,100,,133,27,,,0,100,,134,27,,,0,100,,128,27,,,0,100,,130,27,,,0,100,,132,27,,,0,100,,131,27,,,0
200,'4831',714,,135,27,,,0,30,,136,27,,,0,70,,137,27,,,0,30,,138,27,,,0,70,,139,27,,,0,100,,141,27,,,0,100,,142,27,,,0,100,,143,27,,,0,100,,140,27,,,0,100,,144,27,,,0,100,,145,27,,,0,30,,146,27,,,0,70,,148,27,,,0,30,,149,27,,,0,69,,150,27,,,0,31,,147,27,,,0,100,,151,27,,,0,100,,152,27,,,0,100,,153,27,,,0,100,,154,27,,,0
200,'4832',849,,155,27,,,0,100,,156,27,,,0,100,,157,27,,,0,100,,158,27,,,0,100,,159,27,,,0,100,,160,27,,,0,100,,161,27,,,0,100,,162,27,,,0,100,,163,27,,,0
200,'4833',1129,,164,27,,,0,100,,165,27,,,0,105,,166,27,,,0,103,,167,27,,,0,417,,168,27,,,0,150,,169,27,,,0
300,'4532',847,,218,23,,,0,170,,219,23,,,0,100,,220,23,,,0,100,,221,23,,,0,100,,222,23,,,0,130,,223,23,,,0,100,,224,23,,,0,100,,225,23,,,0,100,,226,23,,,0,100,,227,23,,,0,100,,228,23,,,0,100,,229,23,,,0
300,'4831',747,,238,23,,,0,100,,237,23,,,0,170,,240,23,,,0,100,,241,23,,,0,100,,239,23,,,0,100,,242,23,,,0,130,,236,23,,,0,100,,235,23,,,0,100,,234,23,,,0,100,,233,23,,,0,100,,232,23,,,0,100,,230,23,,,0,100,,231,23,,,0
300,'4832',847,,243,23,,,0,170,,244,23,,,0,100,,245,23,,,0,100,,246,23,,,0,230,,247,23,,,0,100,,248,23,,,0,100,,249,23,,,0
300,'4833',1056,,250,23,,,0,158,,251,23,,,0,118,,252,23,,,0,588,,253,23,,,0
700,'4532',922,,375,9,0,5 2 6,0,113,,376,9,0,5 2 6,0,110,,377,9,0,5 2 6,0
700,'4831',703,,381,9,0,5 2 6,0,112,,380,9,0,5 2 6,0,120,,378,9,0,5 2 6,0,210,,379,9,0,5 2 6,0
700,'4832',925,,382,9,0,5 2 6,0,110,,383,9,0,5 2 6,0,110,,384,9,0,5 2 6,0
700,'4833',1107,,385,9,0,5 2 6,0
701,'4532',1324,,386,40,0,5 2 6,0,220,,387,40,0,5 2 6,0,110,,388,40,0,5 2 6,0,150,,389,40,0,5 2 6,0,110,,390,40,0,5 2 6,0,110,,391,40,0,5 2 6,0
701,'4831',1103,,398,40,0,5 2 6,0,226,,392,40,0,5 2 6,0,215,,393,40,0,5 2 6,0,113,,394,40,0,5 2 6,0,157,,395,40,0,5 2 6,0,100,,396,40,0,5 2 6,0,110,,397,40,0,5 2 6,0
701,'4832',1324,,400,40,0,5 2 6,0,220,,401,40,0,5 2 6,0,113,,402,40,0,5 2 6,0,153,,399,40,0,5 2 6,0
701,'4833',1244,,403,40,0,5 2 6,0,110,,404,40,0,5 2 6,0,650,,405,40,0,5 2 6,0
