201,'4532',2122,,181,37,4,,0
201,'4831',1147,,190,37,4,,0
201,'4832',1722,,209,37,4,,0
201,'4833',1822,,216,37,4,,0
301,'4532',913,,254,20,4,,0,230,,257,20,4,,0,200,,259,20,4,,0
301,'4831',625,,280,20,4,,0,288,,275,20,4,,0,430,,279,20,4,,0,770,,268,20,4,,0
301,'4833',1002,,288,20,4,,0,120,,289,20,4,,0,118,,290,20,4,,0
601,'4532',925,,352,1,,,0,230,,355,1,,,0,200,,353,1,,,0,400,,356,1,,,0,375,,354,1,,,0
601,'4831',625,,359,1,,,0,125,,360,1,,,0,173,,362,1,,,0,232,,357,1,,,0,198,,363,1,,,0,187,,365,1,,,0,115,,358,1,,,0,100,,361,1,,,0,180,,366,1,,,0,195,,364,1,,,0
601,'4832',925,,368,1,,,0,230,,369,1,,,0,200,,370,1,,,0,375,,367,1,,,0
601,'4833',1004,,371,1,,,0,118,,372,1,,,0,120,,373,1,,,0,588,,374,1,,,0
