300,'4532',852,,218,24,,,0,170,,219,24,,,0,100,,220,24,,,0,100,,221,24,,,0,100,,222,24,,,0,130,,223,24,,,0,100,,224,24,,,0,100,,225,24,,,0,100,,226,24,,,0,100,,227,24,,,0,100,,228,24,,,0,100,,229,24,,,0
300,'4831',752,,238,24,,,0,100,,237,24,,,0,170,,240,24,,,0,100,,241,24,,,0,100,,239,24,,,0,100,,242,24,,,0,130,,236,24,,,0,100,,235,24,,,0,100,,234,24,,,0,100,,233,24,,,0,100,,232,24,,,0,100,,230,24,,,0,100,,231,24,,,0
300,'4832',852,,243,24,,,0,170,,244,24,,,0,100,,245,24,,,0,100,,246,24,,,0,230,,247,24,,,0,100,,248,24,,,0,100,,249,24,,,0
300,'4833',1101,,250,24,,,0,118,,251,24,,,0,118,,252,24,,,0,588,,253,24,,,0
700,'4532',926,,375,10,0,5 2 6,0,113,,376,10,0,5 2 6,0,110,,377,10,0,5 2 6,0
700,'4831',707,,381,10,0,5 2 6,0,112,,380,10,0,5 2 6,0,120,,378,10,0,5 2 6,0,210,,379,10,0,5 2 6,0
700,'4832',929,,382,10,0,5 2 6,0,110,,383,10,0,5 2 6,0,110,,384,10,0,5 2 6,0
700,'4833',1111,,385,10,0,5 2 6,0
701,'4532',1327,,386,41,0,5 2 6,0,220,,387,41,0,5 2 6,0,110,,388,41,0,5 2 6,0,150,,389,41,0,5 2 6,0,110,,390,41,0,5 2 6,0,110,,391,41,0,5 2 6,0
701,'4831',1106,,398,41,0,5 2 6,0,226,,392,41,0,5 2 6,0,215,,393,41,0,5 2 6,0,153,,394,41,0,5 2 6,0,117,,395,41,0,5 2 6,0,100,,396,41,0,5 2 6,0,110,,397,41,0,5 2 6,0
701,'4832',1327,,400,41,0,5 2 6,0,220,,401,41,0,5 2 6,0,153,,402,41,0,5 2 6,0,113,,399,41,0,5 2 6,0
701,'4833',1247,,403,41,0,5 2 6,0,110,,404,41,0,5 2 6,0,650,,405,41,0,5 2 6,0
