200,'4532',848,,122,26,,,0,100,,124,26,,,0,100,,123,26,,,0,100,,125,26,,,0,100,,126,26,,,0,100,,127,26,,,0,100,,129,26,,,0,100,,133,26,,,0,100,,134,26,,,0,100,,128,26,,,0,100,,130,26,,,0,100,,132,26,,,0,100,,131,26,,,0
200,'4831',713,,135,26,,,0,30,,136,26,,,0,70,,137,26,,,0,30,,138,26,,,0,70,,139,26,,,0,100,,141,26,,,0,100,,142,26,,,0,100,,143,26,,,0,100,,140,26,,,0,100,,144,26,,,0,100,,145,26,,,0,30,,146,26,,,0,70,,148,26,,,0,30,,149,26,,,0,70,,150,26,,,0,30,,147,26,,,0,100,,151,26,,,0,100,,152,26,,,0,100,,153,26,,,0,100,,154,26,,,0
200,'4832',848,,155,26,,,0,100,,156,26,,,0,100,,157,26,,,0,100,,158,26,,,0,100,,159,26,,,0,100,,160,26,,,0,100,,161,26,,,0,100,,162,26,,,0,100,,163,26,,,0
200,'4833',1128,,164,26,,,0,100,,165,26,,,0,105,,166,26,,,0,103,,167,26,,,0,417,,168,26,,,0,150,,169,26,,,0
300,'4532',846,,218,22,,,0,170,,219,22,,,0,100,,220,22,,,0,100,,221,22,,,0,100,,222,22,,,0,130,,223,22,,,0,100,,224,22,,,0,100,,225,22,,,0,100,,226,22,,,0,100,,227,22,,,0,100,,228,22,,,0,100,,229,22,,,0
300,'4831',746,,238,22,,,0,100,,237,22,,,0,170,,240,22,,,0,100,,241,22,,,0,100,,239,22,,,0,100,,242,22,,,0,130,,236,22,,,0,100,,235,22,,,0,100,,234,22,,,0,100,,233,22,,,0,100,,232,22,,,0,100,,230,22,,,0,100,,231,22,,,0
300,'4832',846,,243,22,,,0,170,,244,22,,,0,100,,245,22,,,0,100,,246,22,,,0,230,,247,22,,,0,100,,248,22,,,0,100,,249,22,,,0
300,'4833',1055,,250,22,,,0,158,,251,22,,,0,118,,252,22,,,0,588,,253,22,,,0
800,'4532',1507,,407,29,,,0,202,,406,29,,,0
800,'4831',1049,,408,29,,,0,510,,410,29,,,0,150,,409,29,,,0
