101,'4528',713,,79,5,,,0,30,,76,5,,,0,60,,77,5,,,0,20,,78,5,,,0,20,,81,5,,,0,70,,80,5,,,0,30,,82,5,,,0,70,,83,5,,,0,30,,84,5,,,0,70,,86,5,,,0,30,,87,5,,,0,70,,85,5,,,0,100,,89,5,,,0,30,,105,5,,,0,70,,90,5,,,0,15,,103,5,,,0,15,,91,5,,,0,70,,88,5,,,0,5,,104,5,,,0,25,,92,5,,,0,70,,94,5,,,0,30,,95,5,,,0,60,,93,5,,,0,20,,96,5,,,0,20,,97,5,,,0,100,,102,5,,,0,70,,99,5,,,0,30,,98,5,,,0,100,,100,5,,,0,100,,101,5,,,0
101,'4532',813,,61,5,,,0,100,,62,5,,,0,100,,64,5,,,0,100,,63,5,,,0,100,,65,5,,,0,100,,67,5,,,0,100,,66,5,,,0,100,,68,5,,,0,100,,69,5,,,0,100,,70,5,,,0,100,,71,5,,,0,100,,72,5,,,0,100,,73,5,,,0,100,,74,5,,,0,100,,75,5,,,0
101,'4832',813,,106,5,,,0,100,,107,5,,,0,100,,108,5,,,0,100,,109,5,,,0,100,,110,5,,,0,100,,111,5,,,0,100,,112,5,,,0,100,,113,5,,,0,100,,115,5,,,0,100,,114,5,,,0
101,'4833',1038,,116,5,,,0,105,,117,5,,,0,105,,118,5,,,0,100,,119,5,,,0,455,,120,5,,,0,110,,121,5,,,0
201,'4528',658,,184,5,,,0,70,,186,5,,,0,30,,187,5,,,0,70,,185,5,,,0,100,,188,5,,,0,100,,189,5,,,0,100,,190,5,,,0,100,,191,5,,,0,100,,192,5,,,0,100,,193,5,,,0,30,,194,5,,,0,100,,195,5,,,0,70,,196,5,,,0,30,,197,5,,,0,100,,198,5,,,0,100,,199,5,,,0,100,,200,5,,,0,100,,201,5,,,0,100,,202,5,,,0
201,'4532',803,,170,5,,,0,100,,171,5,,,0,100,,172,5,,,0,100,,173,5,,,0,100,,175,5,,,0,100,,174,5,,,0,100,,176,5,,,0,100,,182,5,,,0,100,,183,5,,,0,100,,177,5,,,0,100,,178,5,,,0,100,,179,5,,,0,100,,180,5,,,0,100,,181,5,,,0
201,'4832',903,,203,5,,,0,100,,204,5,,,0,100,,205,5,,,0,100,,206,5,,,0,100,,207,5,,,0,100,,208,5,,,0,100,,210,5,,,0,100,,211,5,,,0,100,,209,5,,,0
201,'4833',1038,,212,5,,,0,105,,213,5,,,0,105,,214,5,,,0,103,,215,5,,,0,452,,216,5,,,0,110,,217,5,,,0
700,'4528',701,,381,5,0,5 2 6,0,112,,380,5,0,5 2 6,0,120,,378,5,0,5 2 6,0,210,,379,5,0,5 2 6,0
700,'4532',920,,375,5,0,5 2 6,0,113,,376,5,0,5 2 6,0,110,,377,5,0,5 2 6,0
700,'4832',923,,382,5,0,5 2 6,0,110,,383,5,0,5 2 6,0,110,,384,5,0,5 2 6,0
700,'4833',1105,,385,5,0,5 2 6,0
