101,'4532',831,,61,31,,,0,100,,62,31,,,0,100,,64,31,,,0,100,,63,31,,,0,100,,65,31,,,0,100,,67,31,,,0,100,,66,31,,,0,100,,68,31,,,0,100,,69,31,,,0,100,,70,31,,,0,100,,71,31,,,0,100,,72,31,,,0,100,,73,31,,,0,100,,74,31,,,0,100,,75,31,,,0
101,'4831',731,,79,31,,,0,70,,76,31,,,0,20,,77,31,,,0,20,,78,31,,,0,60,,81,31,,,0,30,,80,31,,,0,70,,82,31,,,0,30,,83,31,,,0,70,,84,31,,,0,30,,86,31,,,0,70,,87,31,,,0,30,,85,31,,,0,100,,89,31,,,0,70,,105,31,,,0,30,,90,31,,,0,15,,103,31,,,0,55,,91,31,,,0,30,,88,31,,,0,5,,104,31,,,0,65,,92,31,,,0,30,,94,31,,,0,70,,95,31,,,0,20,,93,31,,,0,20,,96,31,,,0,60,,97,31,,,0,100,,102,31,,,0,30,,99,31,,,0,70,,98,31,,,0,100,,100,31,,,0,100,,101,31,,,0
101,'4832',831,,106,31,,,0,100,,107,31,,,0,100,,108,31,,,0,100,,109,31,,,0,100,,110,31,,,0,100,,111,31,,,0,100,,112,31,,,0,100,,113,31,,,0,100,,115,31,,,0,100,,114,31,,,0
101,'4833',1056,,116,31,,,0,145,,117,31,,,0,105,,118,31,,,0,100,,119,31,,,0,415,,120,31,,,0,110,,121,31,,,0
201,'4532',821,,170,36,,,0,100,,171,36,,,0,100,,172,36,,,0,100,,173,36,,,0,100,,175,36,,,0,100,,174,36,,,0,100,,176,36,,,0,100,,182,36,,,0,100,,183,36,,,0,100,,177,36,,,0,100,,178,36,,,0,100,,179,36,,,0,100,,180,36,,,0,100,,181,36,,,0
201,'4831',716,,184,36,,,0,30,,186,36,,,0,70,,187,36,,,0,30,,185,36,,,0,100,,188,36,,,0,100,,189,36,,,0,100,,190,36,,,0,100,,191,36,,,0,100,,192,36,,,0,100,,193,36,,,0,70,,194,36,,,0,100,,195,36,,,0,30,,196,36,,,0,70,,197,36,,,0,100,,198,36,,,0,100,,199,36,,,0,100,,200,36,,,0,100,,201,36,,,0,100,,202,36,,,0
201,'4832',921,,203,36,,,0,100,,204,36,,,0,100,,205,36,,,0,100,,206,36,,,0,100,,207,36,,,0,100,,208,36,,,0,100,,210,36,,,0,100,,211,36,,,0,100,,209,36,,,0
201,'4833',1056,,212,36,,,0,145,,213,36,,,0,105,,214,36,,,0,103,,215,36,,,0,412,,216,36,,,0,110,,217,36,,,0
301,'4532',812,,255,19,,,0,100,,254,19,,,0,130,,256,19,,,0,100,,257,19,,,0,100,,258,19,,,0,100,,259,19,,,0,170,,260,19,,,0,100,,261,19,,,0,100,,262,19,,,0,100,,263,19,,,0,100,,264,19,,,0,100,,265,19,,,0
301,'4831',624,,280,19,,,0,88,,266,19,,,0,100,,267,19,,,0,100,,275,19,,,0,130,,278,19,,,0,100,,277,19,,,0,100,,276,19,,,0,100,,279,19,,,0,170,,274,19,,,0,100,,271,19,,,0,100,,273,19,,,0,100,,269,19,,,0,100,,272,19,,,0,100,,270,19,,,0,100,,268,19,,,0
301,'4832',912,,281,19,,,0,130,,282,19,,,0,100,,283,19,,,0,100,,284,19,,,0,270,,286,19,,,0,100,,287,19,,,0,100,,285,19,,,0
301,'4833',1001,,288,19,,,0,120,,289,19,,,0,118,,290,19,,,0,588,,291,19,,,0
