103,112000,1,0
103,110765,2,0
103,110766,3,0
103,110767,4,0
103,110969,5,0
103,110936,6,0
103,110923,7,0
103,110924,8,0
103,110768,9,0
103,110769,10,0
103,110770,11,0
103,110990,12,0
103,110771,13,0
103,110772,14,0
103,110773,15,0
103,110774,16,0
103,110775,17,0
103,110776,18,0
103,110777,19,0
103,110778,20,0
103,110779,21,0
103,110780,22,0
103,111000,23,0
103,111001,24,1
104,111001,1,0
104,110750,2,0
104,110751,3,0
104,110850,4,0
104,111005,5,0
104,110752,6,0
104,110753,7,0
104,110754,8,0
104,110755,9,0
104,110756,10,0
104,110757,11,0
104,110758,12,0
104,110759,13,0
104,110760,14,0
104,110761,15,0
104,110762,16,0
104,110993,17,0
104,110763,18,0
104,112000,19,1
203,110945,1,0
203,110946,2,0
203,110800,3,0
203,112000,4,0
203,110802,5,0
203,110803,6,0
203,110804,7,0
203,110994,8,0
203,110805,9,0
203,110806,10,0
203,110807,11,0
203,110808,12,0
203,110809,13,0
203,110810,14,0
203,111002,15,1
204,111002,1,0
204,110782,2,0
204,110783,3,0
204,110784,4,0
204,110785,5,0
204,110786,6,0
204,110964,7,0
204,110787,8,0
204,110788,9,0
204,110789,10,0
204,110790,11,0
204,110791,12,0
204,110792,13,0
204,110793,14,0
204,110795,15,0
204,110796,16,0
204,110797,17,0
204,110798,18,0
204,110829,19,0
204,110943,20,0
204,110944,21,0
204,110945,22,1
300,112007,1,0
300,112008,2,0
300,112006,3,0
300,112010,4,0
300,110955,5,0
300,112013,6,0
300,110898,7,0
300,110899,8,0
300,110900,9,0
300,110901,10,0
300,110902,11,0
300,112009,12,0
300,110930,13,0
300,110979,14,0
300,110923,15,0
300,110924,16,0
300,110972,17,0
300,110974,18,0
300,110835,19,0
300,110836,20,0
300,110837,21,0
300,110838,22,0
300,110962,23,0
300,110959,24,0
300,110963,25,0
300,110839,26,0
300,110840,27,0
300,110841,28,0
300,110842,29,0
300,110843,30,0
300,110844,31,0
300,110845,32,0
300,110846,33,0
300,110847,34,0
300,110848,35,0
300,110849,36,0
300,110782,37,0
300,111004,38,1
301,110781,1,0
301,110814,2,0
301,110815,3,0
301,110816,4,0
301,110817,5,0
301,110818,6,0
301,110819,7,0
301,110820,8,0
301,110821,9,0
301,110822,10,0
301,110823,11,0
301,110824,12,0
301,110825,13,0
301,110988,14,0
301,110961,15,0
301,110826,16,0
301,110827,17,0
301,110828,18,0
301,110829,19,0
301,110830,20,0
301,110831,21,0
301,110832,22,0
301,110833,23,0
301,110834,24,0
301,110925,25,0
301,110926,26,0
301,110975,27,0
301,112020,28,0
301,110891,29,0
301,110892,30,0
301,110893,31,0
301,110894,32,0
301,110895,33,0
301,110896,34,0
301,112011,35,0
301,110956,36,0
301,110966,37,0
301,110983,38,0
301,110957,39,0
301,110985,40,0
301,110984,41,0
301,110949,42,0
301,110950,43,0
301,110951,44,0
301,110952,45,0
301,110953,46,0
301,110954,47,0
301,110955,48,0
301,112014,49,0
301,112007,50,1
403,111003,1,0
403,111007,2,0
403,111006,3,0
403,110852,4,0
403,110853,5,0
403,110854,6,0
403,110855,7,0
403,110856,8,0
403,110857,9,0
403,110858,10,0
403,110859,11,0
403,110860,12,0
403,110861,13,0
403,110862,14,0
403,110863,15,0
403,110864,16,0
403,110865,17,1
404,110865,1,0
404,110866,2,0
404,110867,3,0
404,110868,4,0
404,112015,5,0
404,110869,6,0
404,110870,7,0
404,110871,8,0
404,110872,9,0
404,110873,10,0
404,110874,11,0
404,110875,12,0
404,110876,13,0
404,110877,14,0
404,110878,15,0
404,110879,16,0
404,110880,17,0
404,111009,18,0
404,110881,19,0
404,111008,20,0
404,110782,21,0
404,111003,22,1
503,110936,1,0
503,110923,2,0
503,110924,3,0
503,110799,4,0
503,110986,5,0
503,110937,6,0
503,110938,7,0
503,110939,8,0
503,110766,9,0
503,110767,10,0
503,110972,11,0
503,110940,12,0
503,110941,13,0
503,110942,14,0
503,110989,15,0
503,110882,16,0
503,110992,17,0
503,110883,18,0
503,110884,19,0
503,110991,20,0
503,110885,21,0
503,110886,22,0
503,110887,23,0
503,110888,24,0
503,110889,25,0
503,110890,26,0
503,110772,27,0
503,110773,28,0
503,110774,29,0
503,110775,30,0
503,110776,31,0
503,110777,32,0
503,110978,33,0
503,110778,34,0
503,110779,35,0
503,110780,36,0
503,112019,37,0
503,111000,38,0
503,111001,39,1
504,111002,1,0
504,110814,2,0
504,110815,3,0
504,110816,4,0
504,110817,5,0
504,110818,6,0
504,110819,7,0
504,110820,8,0
504,110821,9,0
504,110822,10,0
504,110823,11,0
504,110824,12,0
504,110825,13,0
504,110988,14,0
504,110961,15,0
504,110925,16,0
504,110926,17,0
504,110927,18,0
504,110928,19,0
504,110929,20,0
504,110930,21,0
504,110931,22,0
504,110932,23,0
504,110933,24,0
504,110934,25,0
504,110935,26,0
504,110936,27,1
600,134021,1,0
600,112005,2,0
600,112013,3,0
600,110898,4,0
600,110899,5,0
600,110900,6,0
600,110901,7,0
600,110902,8,0
600,110835,9,0
600,110836,10,0
600,110837,11,0
600,110838,12,0
600,110962,13,0
600,110959,14,0
600,110963,15,0
600,110839,16,0
600,110840,17,0
600,110841,18,0
600,110842,19,0
600,110843,20,0
600,110844,21,0
600,110845,22,0
600,110846,23,0
600,110847,24,0
600,110848,25,0
600,110849,26,0
600,110782,27,0
600,111004,28,1
601,111001,1,0
601,110814,2,0
601,110815,3,0
601,110816,4,0
601,110817,5,0
601,110818,6,0
601,110819,7,0
601,110820,8,0
601,110821,9,0
601,110822,10,0
601,110823,11,0
601,110824,12,0
601,110825,13,0
601,110988,14,0
601,110961,15,0
601,110925,16,0
601,110926,17,0
601,110975,18,0
601,112020,19,0
601,110891,20,0
601,110892,21,0
601,110893,22,0
601,110894,23,0
601,110895,24,0
601,110896,25,0
601,112014,26,0
601,112012,27,0
601,134021,28,1
700,111001,1,0
700,110750,2,0
700,110751,3,0
700,111005,4,0
700,110752,5,0
700,110753,6,0
700,110754,7,0
700,110755,8,0
700,110756,9,0
700,110757,10,0
700,110976,11,0
700,110982,12,0
700,110977,13,0
700,110918,14,0
700,110919,15,0
700,110920,16,0
700,110762,17,0
700,110993,18,0
700,110763,19,0
700,110981,20,0
700,110968,21,0
700,110967,22,0
700,110995,23,0
700,110980,24,0
700,110996,25,0
700,112017,26,0
700,110999,27,0
700,111010,28,0
700,110973,29,0
700,110947,30,0
700,110948,31,0
700,110812,32,0
700,110958,33,0
700,110813,34,0
700,110782,35,1
701,111001,1,0
701,110750,2,0
701,110751,3,0
701,111005,4,0
701,110752,5,0
701,110903,6,0
701,112016,7,0
701,110904,8,0
701,110905,9,0
701,110907,10,0
701,110908,11,0
701,110909,12,0
701,110910,13,0
701,112018,14,0
701,110911,15,0
701,110912,16,0
701,110913,17,0
701,110914,18,0
701,110915,19,0
701,110916,20,0
701,110802,21,0
701,110803,22,0
701,110804,23,0
701,110994,24,0
701,110805,25,0
701,110917,26,0
701,110921,27,0
701,110922,28,0
701,110807,29,0
701,110808,30,0
701,110809,31,0
701,110810,32,0
701,110965,33,0
701,110811,34,0
701,110812,35,0
701,110958,36,0
701,110813,37,0
701,110782,38,1
800,111004,1,0
800,110750,2,0
800,110751,3,0
800,110850,4,0
800,110852,5,0
800,110853,6,0
800,110971,7,0
800,112001,8,0
800,110782,9,1
1503,112002,1,0
1503,110946,2,0
1503,110800,3,0
1503,112000,4,1
1504,112000,1,0
1504,112002,2,1
1601,112004,1,0
1601,110999,2,0
1601,111010,3,0
1601,110880,4,0
1601,111009,5,0
1601,110881,6,0
1601,111008,7,0
1601,110781,8,1
1602,111002,1,0
1602,111007,2,0
1602,111006,3,0
1602,110852,4,0
1602,110853,5,0
1602,110854,6,0
1602,110855,7,0
1602,110856,8,0
1602,110857,9,0
1602,112003,10,0
1602,112004,11,1
9903,110923,1,0
9903,110924,2,0
9903,110768,3,0
9903,110769,4,0
9903,110770,5,0
9903,110990,6,0
9903,110771,7,0
9903,110772,8,0
9903,110773,9,0
9903,110774,10,0
9903,110775,11,0
9903,110776,12,0
9903,110777,13,0
9903,110778,14,0
9903,110779,15,0
9903,110780,16,0
9903,112019,17,0
9903,111000,18,0
9903,111001,19,1
9904,110755,1,0
9904,110756,2,0
9904,110757,3,0
9904,110758,4,0
9904,110759,5,0
9904,110760,6,0
9904,110761,7,0
9904,110762,8,0
9904,110993,9,0
9904,110763,10,0
9904,112000,11,0
9904,110765,12,0
9904,110766,13,0
9904,110767,14,0
9904,110829,15,0
9904,110923,16,1
